1 1
1 10
10 1
17 97
97 17
958 630
828 1378
1113 1251
1188 2184
2720 385
2568 1782
2947 658
7720 4640
2772 7290
6090 3980
1815 7381
552 9048
4940 10153
3556 13776
10575 3165
7488 6528
13719 1122
10260 3870
969 6479
2580 11240
4683 20538
8448 2266
6463 19895
8928 552
19575 3800
19370 8996
25326 7560
9464 8316
10875 8323
14100 28890
11842 20398
17312 27744
20394 3168
16388 13634
29960 20230
15336 24300
1554 1036
36670 8056
29874 12246
9600 22640
23657 14022
35238 378
41667 10449
19404 42768
8595 26505
37398 26588
21526 19928
1632 18096
39984 30478
27000 14850
46971 13107
16952 21164
43301 34026
20142 2646
16775 24035
9856 52696
28272 54492
32016 47908
50504 21358
50640 54300
7320 4880
4278 8246
42966 44793
16960 52480
18460 23335
2970 60984
64387 15946
38896 32708
67620 47127
29610 37730
25560 29536
56880 23256
61101 72927
43882 46028
525 13275
5548 53504
41041 49049
468 74334
15879 77973
73040 24320
16605 30051
28044 19598
3237 79597
63504 32004
61540 23290
38958 2494
86130 75516
79992 10912
64614 28124
64710 67320
49049 73528
84088 29532
3069 54033
89018 282
70965 90630
7584 21600
62759 75854
18424 20580
85932 16632
82700 35500
54742 4040
90372 88944
51294 68392
65624 30888
36435 39270
17172 29256
5992 102292
61236 20412
55263 20274
51810 82280
8325 58053
94864 12432
11752 109271
19494 102600
102810 104765
65772 30972
75816 102258
17818 22774
28679 17255
113520 109920
66429 63404
110532 51362
114390 19803
39928 120156
81125 101750
21924 50148
108585 34163
37504 83712
124485 32637
6240 86060
11135 116066
95964 31284
1729 58121
98758 38458
74250 109620
72216 120360
132890 130013
35742 106122
72141 21545
58800 22820
123939 113505
74266 1562
27170 39897
41616 41616
99615 118175
4964 80592
44247 44394
36260 43956
20860 42018
54000 132300
14949 95734
5776 115064
61047 126072
5390 14014
128185 104005
18252 34164
17113 144283
83582 98276
112890 25917
81600 107520
98532 35581
106596 112752
142299 74491
35588 123328
6105 113190
150562 11122
4342 12024
22344 1512
95147 154973
37570 14450
118845 169461
76540 38528
21971 23874
26100 139374
18550 106050
74976 88352
138414 63720
116590 57672
122794 24702
94140 172260
143171 79097
140140 46592
67893 141459
112976 161000
53095 165760
40176 183768
184569 140250
178976 88736
73521 72009
87210 177080
162923 82321
129984 90240
171191 31845
10670 6402
54015 180960
117992 89572
2561 194242
135828 156618
96117 86565
45200 98800
191553 63114
63428 75346
131747 191632
189720 19584
184500 173635
55414 55620
175329 204930
106496 166192
92378 96140
43890 98490
107188 174919
7208 48760
81153 63261
22898 29746
186620 3010
162432 163296
19313 151466
206010 14170
165783 61758
115940 97680
68952 23868
58386 159174
101019 33896
58912 127680
39825 86850
107124 214474
111230 151636
118104 125172
35037 212512
138920 146510
59367 12705
191400 76096
120228 88540
102024 36270
16685 206565
164492 213344
45504 3555
80920 30226
21510 205779
139200 179280
238590 113752
229900 192632
177633 84321
41724 207644
165130 89180
211068 113160
222547 43719
239072 167152
69471 132717
36750 201500
49698 113201
123984 55440
64515 176088
159766 78994
95625 221850
19712 47360
110253 38293
143706 220074
29008 133644
39520 112580
52461 10962
133620 179732
244590 147806
103224 235752
217830 195305
89110 106134
246441 16020
175004 188672
185341 263620
14850 123660
265309 137939
158848 184144
169806 205296
21098 4110
5225 34925
99360 254472
3878 202210
249922 143726
244125 260307
275240 75320
172534 257396
205578 147204
207439 190176
116156 180624
151620 252510
5434 27456
61705 184541
225216 103680
17918 81787
185310 198360
77988 246477
127020 91688
47173 121888
122010 74676
198240 118885
275872 291560
280665 99792
172244 18774
131560 277771
200400 255600
88193 79464
167610 57682
18180 19089
302176 74480
168360 71065
270504 279990
288887 167315
192808 224840
237621 266667
204290 220410
40430 45717
219024 152880
255095 17215
112098 54322
244125 181125
300200 140936
255185 187347
257262 124020
294756 188848
66560 214720
118449 24717
119140 180964
108528 259046
97524 322704
34775 181025
253954 145070
157614 293319
181384 269616
62839 92120
304920 185130
121808 52960
20252 95616
262071 199467
138610 243152
85090 95475
258720 132048
195123 139855
293384 318734
273573 252216
235960 141440
55924 142538
3078 10260
156751 168413
174752 262816
306015 131100
71622 307940
160661 43375
163908 132588
197534 321778
349650 308350
131625 56511
217888 135520
117902 233686
61950 301962
236075 179985
296548 352084
182784 353073
147854 134608
69287 34823
248040 241920
12996 24909
86156 185344
116523 292578
224952 48776
122275 184690
317688 269742
323327 51013
78752 90896
265680 274905
321160 291930
176596 20034
289416 323268
224546 249164
163812 320144
196500 79500
247032 289144
352118 200187
82782 162540
17055 338068
275500 24320
275463 367284
335396 212774
381468 139412
151296 295680
151305 20790
92640 42846
345204 275157
365108 104372
61073 7391
162240 4290
379661 286212
84672 81536
242088 229512
236400 234430
298225 123635
333036 284328
266784 368813
144474 205766
369873 165585
53200 10400
22456 329221
284616 12060
357461 351416
312292 30300
328050 326025
360934 138446
288970 274725
357816 186456
280165 312067
369000 103730
316059 129876
308588 193640
239127 364679
306774 324990
214140 396325
126880 43264
265212 334017
197296 49324
59079 52375
197400 238140
315329 288385
420734 329582
202194 116748
103880 69960
99025 269875
322056 115872
383446 39284
191744 233260
221364 49335
55040 405060
68960 103009
323136 82944
303966 333410
46438 160580
34365 276225
327000 117720
354407 156883
294774 10074
213793 387637
337040 242000
289737 361179
165750 120224
357058 435912
289044 26640
260770 92115
154316 297928
335250 21009
111552 342272
73636 42655
298350 242550
399135 145673
109384 65992
82899 311211
372280 363654
350350 221585
311904 405384
152181 435978
427772 408994
443853 23409
240120 246560
62696 119860
22638 123816
46300 423182
33872 156832
307830 116250
264688 22368
355854 143836
176904 456300
320327 44086
296100 106220
332526 113511
7552 434712
328262 105952
110916 236526
258400 469300
93296 314160
62964 418329
25334 367104
286921 319972
87360 181920
80808 316979
187980 59286
70035 117852
41624 305404
62565 125615
433998 400950
383756 154866
396744 355264
320295 14670
301840 33810
391327 188053
218940 198276
428417 41905
152646 316654
223245 460350
471696 290656
117292 131208
274398 241032
215069 91317
427000 293500
73146 97194
87348 445274
141846 49797
164304 481824
308050 14645
347116 185196
7098 191139
475488 61468
247374 429087
316200 147900
363321 377118
295424 83968
390906 382185
271906 413256
331145 244625
381324 322500
204215 491150
487956 418026
121965 51381
400400 115960
281861 409506
297018 179568
486390 339427
518236 37204
35175 513450
338218 240908
49538 36890
184800 130944
448592 16928
103880 350860
64782 406215
123956 71288
180687 364572
17088 97722
219885 408740
19296 487760
373215 501558
369606 165704
325017 526603
358020 534600
337584 418193
62330 98644
540828 236748
27744 483616
301385 34880
402948 395850
5470 234663
500872 481692
354105 320067
418550 519200
317927 231971
151800 446016
385994 55300
327414 387800
167055 517815
404768 283004
486261 145377
430218 472626
167141 174967
553840 257600
47124 273207
44960 459716
249972 176219
70500 385212
463865 472905
356580 344128
209790 485919
514040 98264
273120 154199
546630 548340
279219 314621
38324 220792
430896 81366
471828 241654
343850 217925
358848 211392
378512 82511
283220 191318
296448 206124
233740 35380
201026 374745
398088 537186
17490 388861
241776 189216
413010 521235
247878 33402
149685 181970
49392 455112
245024 103075
223610 255470
58509 258858
422096 252192
272187 164261
583902 513216
196350 55335
292636 50064
177309 104475
456274 358800
273144 424691
243600 537000
216961 294490
484610 473774
22311 92259
402264 282672
159115 225060
107262 211494
553584 132326
440800 99104
396459 32886
93330 446520
96538 588393
501228 260712
126891 427261
28244 143062
347475 246000
456456 212520
167824 270863
32136 185400
281645 449394
571020 57040
313605 37881
531188 309756
566307 449183
312624 585312
9375 334375
119566 517076
154869 258951
437716 381824
375513 542198
468090 558180
195610 215171
538464 525824
78492 50640
442532 156598
161925 285115
22896 283656
418509 103194
333036 333674
230679 213426
312320 405760
565362 556388
339618 533502
404447 455887
8372 345184
77400 623715
121448 392122
430902 167573
561816 167832
331639 271282
345150 320450
378231 542283
41076 2608
637981 365680
231516 435564
339945 564610
386384 243376
319959 34164
240828 159894
127846 326864
234300 69960
370160 380075
573954 571306
607971 19227
458160 540496
557935 539980
603396 562104
470235 264799
659316 9352
244185 627522
473690 319590
352275 500566
107520 84000
11441 26920
386202 663890
239625 35775
525252 553644
64315 276216
571554 459006
390425 296044
517480 243440
577488 550929
15686 646536
644752 366771
638856 520524
321950 509640
281946 240100
50151 188925
44032 44032
553956 181207
602370 122130
4837 472644
212444 458796
591129 85932
217916 473308
361400 337075
535920 690432
297619 598026
115170 195440
621411 537531
215600 260400
431115 456351
51246 11232
452732 172235
304128 107712
638730 45120
605748 695410
417130 636300
487812 540912
499845 328267
218680 122120
334170 632079
305448 703456
293043 98394
211344 686154
618475 635635
98808 534136
444540 136230
68210 525576
707496 25884
181440 411120
687834 256676
301074 502512
532128 346317
556032 371412
400200 207350
140844 598950
661570 102507
515424 487032
683802 503010
67890 148190
6579 652052
430416 651480
306394 280006
35966 663536
318255 410865
57408 524768
485683 283745
301842 89298
216527 580115
328560 460280
721734 712101
201824 729386
355154 701392
63240 81096
628035 501385
525930 609482
718614 348849
596156 386716
26964 220955
321000 443250
500917 249332
488800 211312
280116 682971
72384 82940
303510 247640
425628 271404
751701 442845
140230 259994
3036 385572
49400 361000
740453 519002
570738 76962
338772 552412
430896 512644
621945 739755
448110 618928
566813 95108
256512 96768
415260 134575
595210 647570
296064 549723
630724 595212
629222 591345
306504 92880
634725 237925
388000 530784
190365 425019
735988 683084
137104 116071
659880 69420
525613 401434
40664 71162
515214 378972
87808 771456
76930 358745
705828 437016
105458 9444
657980 110320
116772 685641
683350 751290
671559 613025
763488 385704
86437 639158
181032 384296
183645 642360
347852 310440
278153 650352
782040 9576
89488 329987
94400 637600
204255 162603
129924 567014
753214 358138
358584 559584
531300 101430
274040 366730
444657 511638
561560 282800
93844 147238
545940 577530
727467 192207
228172 645540
147153 228453
603174 280016
64385 182560
766224 124848
683012 623371
632314 782008
616707 294840
156620 690440
293918 373555
286878 212898
27982 788434
824 398816
565125 226050
63602 560854
17367 779034
546480 70380
225488 413671
253150 612540
802746 597489
739648 500032
411502 115787
629670 786462
414995 464260
23408 124564
638631 657045
54470 17598
56213 573037
383040 36960
835954 395270
277018 815898
355746 89358
121536 338444
57460 250120
455994 739404
704704 642873
359552 647024
447423 839661
452200 40800
345506 65527
803436 243672
702872 825704
613172 743834
453150 240255
78752 321856
318804 835575
761904 385242
265431 563504
253700 216720
684495 359898
169814 493926
391802 743043
172800 762048
679890 757740
403556 711852
518466 216750
787276 273420
271997 13904
416730 88740
866645 240396
219744 843224
297693 475785
247342 49818
326375 133875
670140 336384
788423 819995
104482 604942
737481 770883
450560 777920
444905 211440
465696 638568
787636 658718
487968 778804
731010 842520
613998 853218
350365 455031
823176 808080
687197 789432
596300 633680
596079 789426
108824 650268
555446 481327
101022 414816
686465 11635
51968 57344
507702 418002
317892 434632
372186 542097
540900 668700
726206 584749
398684 252560
181503 234780
297416 708736
874230 716760
630576 163080
176865 792718
775432 670104
723564 28179
242060 466830
382620 364400
1824 92112
235554 149732
690984 561196
313845 273585
856460 591736
626311 282436
45900 515916
886835 775636
793960 5520
772719 804954
166882 831644
668252 127374
734580 911988
805675 490250
640792 914888
646119 913095
35264 148480
194161 696750
137640 761670
147098 222509
129548 591820
738003 445974
139166 166252
471240 308550
642096 927576
454445 220195
177282 932372
131460 274188
626040 548960
268185 259716
650922 893016
202745 634639
669296 583392
520695 365715
363264 591250
940371 890180
820020 931884
266669 662402
780900 595650
634317 595326
732088 580720
44791 861512
595296 769878
373405 887195
246648 955044
205755 445962
597792 169566
812273 670341
497280 64320
107632 343077
231842 925444
474759 593208
48200 468504
626285 805775
111090 716772
485434 110238
670824 689216
318801 134691
602370 711980
589397 231098
862164 413100
582827 140112
51622 514272
640575 410475
186416 409920
427926 384938
561372 787290
715649 419012
591920 455700
885843 156960
268086 116858
927952 937782
246984 276504
854980 38415
657662 904162
53298 141141
20748 487084
939550 897023
637560 97020
183335 722439
516832 155744
12909 282012
498988 112322
419890 340290
549792 575688
958117 357923
780436 124750
252747 361638
545000 375000
