29166 79904
24838 13813
48070 25240
32440 28880
46569 87698
30925 81253
49892 6892
36093 71924
17712 60157
7477 73577
94754 50846
7314 13582
90732 12501
11579 32095
45995 13716
38938 99698
24738 40648
25131 39655
35892 46025
75765 38015
42708 80394
92725 61483
83722 28580
93794 61544
4617 4862
93060 22292
57576 24952
42149 1237
13190 31035
26624 54326
34801 22378
31800 98666
7612 3387
9595 79415
15411 49094
99685 96725
6388 41817
2909 18647
77991 86551
98657 7187
16876 20247
47133 14211
71796 50781
65588 42319
73045 55056
5411 93745
83310 87493
40172 84375
80463 82413
30395 76546
40786 46494
77238 39690
81562 78044
84188 48278
23782 27378
12983 30959
39032 98560
34071 89098
77538 11535
24898 80220
81337 35511
48417 43068
2046 82542
8716 5451
69833 72137
91724 17631
60975 6977
31742 17449
72707 37881
84220 99643
53238 76918
16097 59204
61950 73293
53446 32965
92646 26407
54963 10279
99673 99137
9603 16188
89879 94013
17159 48840
80787 10892
87467 78525
89571 59526
35825 47567
4313 48308
61980 65942
957 2540
25735 17280
99408 97587
71497 73276
50184 64770
56347 10131
35044 56999
50390 38708
68123 23430
27394 93831
60993 25118
71056 22283
19725 42909
34294 54975
60170 54072
45117 60698
97053 34328
75757 63731
38383 3172
81870 70850
83662 12575
6274 58646
88085 94106
93208 48463
33566 51980
67853 74602
17889 98703
13683 1593
90708 53570
84871 46989
9934 60952
49446 60770
15407 68272
52448 85717
75764 99911
81495 85298
11377 41027
55196 96166
44257 48133
51715 49471
16463 929
88148 96239
58429 33258
87035 10909
11254 45771
30071 42943
77457 46465
97881 96452
42085 47083
5737 12940
10910 71763
61781 23542
23817 45674
28868 58235
74097 19004
29962 55287
54889 77926
40628 17414
87461 45633
72849 99636
9929 41787
43014 93490
7637 5241
18232 48689
86914 56817
19371 73849
33287 4303
64968 59589
62216 42813
50271 89127
56020 80239
38238 29696
76567 26688
23245 41865
85121 91444
98641 55214
91261 49864
65136 84220
35298 25805
58216 22137
5827 85630
9364 95604
44633 37736
20791 85056
43519 31346
51418 51971
88319 37655
41442 63891
75792 33639
25421 49369
99032 74457
81435 35490
93037 30970
26384 89765
40728 25775
77746 6768
96564 39006
81916 91292
14430 66883
25736 89952
14249 17407
39252 29577
68866 95157
31068 61435
47184 74687
51063 3434
40357 14164
73137 87680
74037 92695
49701 84128
15589 47199
74816 87276
37982 89849
27077 11994
85106 26665
35234 25242
59853 30325
19702 16140
24062 97495
28941 1896
2951 48156
73586 31414
7249 67273
9475 62643
55521 286
62396 62312
12609 57766
6769 71145
47210 44001
360 11045
65499 82706
81485 82
86831 19775
44570 11775
71530 19208
91755 70526
99846 90666
23649 82626
80628 66540
9835 55787
57755 85331
55958 73563
83393 38331
6834 64580
19998 78935
90434 18485
25273 11126
19667 21910
75921 36317
10224 36395
38244 13005
10303 6021
83616 42665
2052 24710
41628 22412
54627 72543
69911 7787
5019 60565
90821 63788
77832 52291
86255 58511
54506 90657
9847 87559
50176 80540
59188 12228
5039 27919
16377 64484
27799 34405
12285 41234
98158 35503
65506 50758
12003 6897
85315 92377
55019 39851
55963 83976
27758 55975
46491 80708
12386 32836
83601 2169
48666 7226
78865 92865
88895 27609
97790 71838
91549 5718
990 20881
78147 94180
214 33115
86192 21295
30795 38920
6515 85768
55403 36092
95691 61965
5755 68905
54644 76620
26501 45316
66654 95835
5253 63237
22209 97697
94434 81494
61164 87451
21383 92625
51191 11435
75460 34477
59512 49701
22830 9493
18334 54920
88504 6483
79280 91349
42551 44270
47329 91475
40110 22307
15441 39653
3801 23388
15543 27320
59516 68456
82217 91198
16018 40541
28600 93814
38933 86378
5160 47840
81436 51226
71696 61381
78271 15068
19333 67003
62141 94906
27458 74819
88201 18304
93318 71315
74068 27796
76591 57892
20228 87192
4325 23732
15002 93853
16924 75873
27424 71071
23050 87263
10677 64624
10670 55952
96694 38052
40176 70015
55926 50985
32027 86589
63161 52846
71636 97347
69842 35219
77344 63832
66616 932
26796 60022
16645 87183
22684 41786
49930 38101
67924 25235
29754 40662
52842 35240
4094 5431
58852 12639
3569 1785
19592 2975
50700 12899
86619 39319
55780 66630
27378 63664
22227 4759
67120 99747
29002 25650
55329 82837
13521 21937
54236 86583
48762 99868
96129 93633
69939 94392
74585 59770
13636 46509
15377 35002
97312 22023
3508 37785
77040 9073
66102 75854
49424 74077
30353 64950
83832 92539
99935 53488
98270 39201
63086 82741
49819 4884
15853 70731
12303 67196
47230 94473
34879 37448
57057 22233
68329 75192
80966 27981
64410 30807
51288 53996
64645 69578
15408 41003
64132 74761
38027 81273
2948 6206
88368 81771
28983 66133
18857 23745
32062 16989
1343 7947
95519 96256
35037 56895
74260 86332
56594 89503
97457 67403
23365 52786
73257 44484
51051 65145
31695 76861
52148 54628
91944 20106
6252 82084
83471 27594
41203 5948
19851 67892
19957 97392
32971 67808
52683 90323
17582 39086
48854 92943
95882 54189
1729 84468
38434 24231
53119 84267
40942 28052
39498 83023
52891 74749
17552 48617
86072 24587
37153 90355
59882 87743
55844 98668
86250 96850
46344 13621
67750 26409
53071 75085
55109 45295
40860 71395
69881 31699
39940 40069
23216 15481
95740 66501
99037 405
79740 7564
72844 33681
39411 29258
66249 12846
68653 39332
31860 80057
68857 51068
96506 72512
31394 70925
84545 97749
20537 50835
66190 84368
78907 80125
72173 46273
22501 38930
39095 6139
54788 25625
9481 87739
61336 19496
53470 32248
59600 56371
72432 8628
36370 48600
22885 10449
12192 90701
98311 99723
86875 90313
72017 85053
76676 13413
40724 94428
44127 64015
87188 3808
99530 89440
68912 57537
17612 13332
96370 6102
71 84421
1129 52475
67819 35429
29785 74894
96584 90629
10526 51106
13277 98358
32407 4666
49435 72129
5619 3356
66128 10976
96636 23792
51539 86047
71895 77212
82368 98382
6712 56826
70037 68355
95581 70437
99740 39860
87315 72085
39979 20327
84166 77814
15881 96078
23269 60391
116 64167
30166 15570
30029 26595
74508 26261
43873 14293
65099 31500
26168 42488
26859 71963
15676 36554
71941 89630
53273 86876
89184 99185
66372 91369
75505 68989
80787 29598
59703 18123
64566 25362
1294 79692
94108 26171
57823 62439
33311 3425
95112 86576
68361 36186
47762 86274
49098 36876
15649 90336
69699 8311
78721 76254
99942 8919
61269 96781
74658 83411
11520 72647
63062 15832
78658 18778
82172 13658
22381 81117
17324 55894
80148 47485
39033 63176
13719 87455
13326 80416
82730 14004
98867 12080
75434 37147
83278 27994
27132 82516
12812 29341
93301 6792
11338 56689
67867 25947
98818 93568
88674 18191
11448 19517
7685 51505
29213 8925
25985 92902
31533 17068
27384 92982
42857 1897
75188 41488
59194 88113
50075 67786
12531 90434
2712 26262
86013 52736
6678 44120
49975 11480
62704 92221
2054 84780
18103 47233
29696 59711
13631 57551
84152 45535
27860 42592
93629 92326
20291 90303
11046 96899
22790 97536
63017 29592
30422 89061
80430 14823
27051 48373
7846 2662
35809 39086
58207 40447
8929 28258
13616 64443
40611 8832
93750 18318
41664 43738
44426 14264
77375 40188
88427 50449
5192 51472
1702 48133
73604 40480
62175 45437
72522 20736
93234 20157
32218 1953
77436 3050
46681 51874
65159 64118
68959 87306
82440 74421
18391 41145
70380 12542
79301 92570
84737 45225
51019 81936
87241 16402
42299 9545
9148 39338
83574 36638
72854 44772
90482 87239
87850 1329
66291 85833
82021 94151
41471 10305
57721 43080
41963 6331
19361 16392
47381 40878
18336 59378
71565 9229
31117 14407
73180 64142
34053 13549
67770 40157
54354 9232
45620 30539
90079 44332
60682 25196
98887 29383
19379 74711
21698 450
36642 47662
568 65254
91602 90521
54878 28386
90335 70461
5577 94906
29598 99495
2192 94107
15959 33291
29213 45067
25183 1047
24307 77542
17651 66346
98837 35679
12010 55056
26931 93392
27584 82341
40694 17052
53462 11285
1491 3821
18844 14138
7726 50047
96029 7879
87872 8215
50796 21147
28976 15961
61482 62134
32034 42328
93041 78820
70236 23994
50321 17469
20072 73869
12856 46718
73575 47108
49311 29719
15314 66106
28322 52278
66550 89613
56851 60628
28502 10006
88883 37461
33352 86855
54273 8862
14411 26391
60830 919
94421 89919
73290 37776
55442 17749
40481 67980
20436 56557
13293 71519
93734 32963
35184 73267
10861 81607
16673 7144
28260 98849
26459 71712
74293 29498
64516 78781
85511 50745
45970 37855
34937 34149
80931 50997
6267 86374
53048 40881
3564 60254
89311 75839
27593 51306
50675 89273
37573 79207
77956 91943
1434 52689
15886 17300
21934 67233
51410 94431
85379 47683
56217 44890
40257 51644
50466 44824
50962 70805
92491 52601
79264 51024
35612 61647
23889 55329
96651 58649
39067 44791
39550 20679
74669 58717
23673 19825
92564 23028
47264 18730
23769 92093
87186 72883
70084 16169
9359 50193
30007 3448
42337 27049
63167 13562
26274 93395
3678 63017
88401 1632
81370 1317
49921 38062
61730 2403
52156 88465
79314 425
56446 5715
53044 47398
56645 97291
10135 67188
63043 59501
81 66008
82880 31427
16797 15998
98145 96718
25901 12182
72367 21515
65874 95402
47619 48476
11862 15478
53561 75746
50208 84160
58504 18787
16730 5341
32023 26220
59183 72351
13446 73942
18916 53961
59868 65087
52966 37906
91393 68469
56427 98087
99692 85999
96655 79165
96567 37448
18988 41773
69934 91950
54161 60645
51521 858
28515 1961
18796 97735
70294 48468
86292 40900
6988 68492
93837 49528
67048 30169
15686 22611
58152 91166
83303 76631
25969 85243
3245 44356
73870 60965
62156 43320
94787 20422
51667 93623
46265 86215
20501 55192
86098 12010
82800 83461
4231 17517
15837 99604
21729 70933
53639 71416
47097 49968
70553 59450
68217 9458
96256 23090
32859 32582
92687 60762
74391 23295
89803 19085
79294 39404
44902 71953
52923 58530
70914 90590
5245 56677
59970 24117
11178 40639
21270 46387
2104 37589
98084 19391
2799 52874
10906 98337
56122 38730
75412 95172
78796 89470
60542 69537
30665 86687
34560 20675
42754 70006
73798 72079
8815 41466
61808 24300
31050 78662
87157 70604
30539 71192
94202 21358
71935 15508
91396 96375
57147 32738
62622 884
5424 2588
56044 42057
62254 69437
2872 32266
19853 87845
45982 27677
27900 48548
73724 4681
46185 91191
90628 7298
58489 66243
65919 20620
56179 31218
62204 67187
48411 13704
68017 18994
25308 88047
93421 63328
90066 11173
74764 57012
68695 49919
54380 9104
86969 10274
72291 95814
69327 3815
91440 10553
72510 62075
42545 6985
5792 8618
78093 23550
64944 97813
69952 24474
38164 7786
19086 19545
98024 84048
70279 1735
51963 76747
89385 96601
65652 97015
74981 93372
73888 13919
24093 16653
96914 68512
87860 32111
55695 96580
93370 73172
59704 11296
20837 3098
72175 57900
98374 69474
26145 45066
45511 82377
31244 14884
50812 2425
69335 42485
13082 92750
49732 60029
91631 25037
84628 98985
38759 3886
9842 30920
22445 7568
19032 5152
30178 23549
4054 15913
25791 87069
22150 39568
73557 12641
52326 30808
95770 62974
41811 23913
8829 41611
19618 5671
91687 27264
83587 72239
81493 84356
26766 96780
73288 86088
16117 28129
9069 32719
24384 63801
76126 77654
1524 81847
80686 29089
95302 62433
25499 98154
19733 26670
46149 22108
26367 64953
2838 75484
65793 16492
73875 27350
79530 15732
48723 61111
84607 15343
54237 51241
54061 79606
67383 86867
69846 24630
83997 42244
59792 50470
51259 80936
79682 37445
22898 91464
76655 90457
95704 7906
46009 9459
64548 55460
8125 2337
60656 27804
98795 38140
71445 7868
60212 93314
11477 84918
67022 42727
73370 92478
96722 44361
24053 87876
28566 75249
90021 96555
92172 9041
92506 24538
78250 98269
9124 96904
15160 91855
59098 25540
97742 55798
75373 74977
17264 66349
44837 96584
11412 7237
47202 92305
78689 79134
67349 66117
45046 73435
60896 74233
38012 95758
55022 90838
40390 2334
84541 72390
23577 88696
96284 26054
92816 30875
51620 40372
82140 12895
49764 59901
89676 17842
28442 36865
59446 64816
48548 96556
59026 91443
13525 6183
29148 90904
86338 16058
6188 46617
24428 94328
40540 29352
45914 94972
67283 47587
57810 92884
76559 79482
34216 60491
23111 10134
91773 85427
21940 34426
11256 70954
36609 54848
77201 99736
35159 38187
