2 3
7 8
5 6
7 10
4 9
10 8
8 2
4 4
8 9
1 9
3 1
8 3
1 5
7 8
9 2
3 1
2 3
1 5
1 1
3 7
1 2
3 7
7 1
7 6
5 10
5 9
2 5
1 6
3 10
1 9
10 2
5 9
3 3
7 10
1 7
10 8
3 1
8 8
3 4
10 3
9 4
4 2
4 3
1 5
8 9
9 1
4 2
5 2
5 1
1 9
7 4
7 7
2 9
8 5
2 2
8 3
2 10
4 6
8 8
3 5
6 6
2 9
1 3
6 9
7 3
2 4
3 10
10 4
3 7
4 9
3 3
10 2
5 9
7 9
9 9
5 7
1 4
8 4
2 2
9 3
1 1
4 9
1 3
10 5
8 1
3 5
3 10
9 5
3 5
1 5
9 3
10 5
2 6
2 1
5 5
3 8
2 6
10 9
5 5
1 3
10 7
2 5
4 9
5 9
3 6
5 5
10 5
3 5
4 8
9 1
1 3
6 5
10 10
4 1
3 1
10 1
4 1
10 1
3 4
10 6
2 9
8 7
8 1
8 6
4 5
5 3
8 9
3 5
4 7
8 1
2 3
8 4
9 2
2 7
3 7
7 3
7 10
9 7
1 9
5 9
9 6
1 7
8 2
2 10
5 2
5 3
9 7
5 9
1 6
3 8
6 1
3 8
8 2
7 10
8 5
5 10
5 9
10 1
2 5
4 4
5 4
6 9
2 4
1 8
8 1
7 1
2 4
7 6
4 8
2 3
4 4
9 9
5 3
7 1
6 10
7 7
7 1
3 7
10 7
2 10
4 9
8 1
7 7
10 3
10 6
5 10
1 1
8 8
4 2
5 4
4 5
5 8
8 1
5 9
6 1
5 1
3 5
7 2
6 3
1 10
72 38
57 28
95 15
91 70
65 31
83 37
4 51
28 83
75 66
95 56
70 21
12 87
3 45
83 12
59 79
94 80
90 70
15 25
55 16
99 99
35 1
25 5
35 5
39 92
98 22
67 28
55 63
62 96
42 92
65 9
33 89
71 86
35 11
19 76
46 52
96 89
29 32
65 22
84 41
6 63
81 12
73 77
27 10
87 94
78 60
46 41
32 71
42 64
93 46
54 57
46 16
68 76
75 66
12 25
1 80
27 62
46 79
93 80
28 69
12 97
73 75
14 86
10 19
75 89
20 13
72 21
72 57
79 34
17 58
86 52
58 83
69 47
85 15
78 28
58 87
94 2
5 1
21 42
70 82
15 56
41 46
6 33
24 8
85 32
20 90
26 30
6 38
85 82
59 18
75 67
41 96
47 65
84 65
7 17
31 63
9 5
67 56
2 15
67 39
72 8
96 92
39 82
54 68
58 69
41 86
73 67
6 75
96 88
88 96
60 54
20 43
70 67
45 29
83 25
27 37
20 79
58 10
62 58
77 70
74 12
71 24
73 2
4 44
49 34
32 96
92 76
91 19
55 41
29 51
30 62
14 6
93 71
96 76
56 93
43 66
14 3
39 85
91 72
44 75
100 77
58 33
40 53
68 88
74 88
73 56
98 86
72 100
47 68
81 24
21 94
75 96
74 32
95 31
76 38
50 39
55 60
47 62
3 2
14 35
19 60
55 5
46 75
55 71
74 98
90 14
39 41
23 22
10 21
81 21
62 89
54 66
83 96
60 64
87 3
21 57
27 44
23 85
97 100
26 51
64 36
60 94
39 27
77 65
7 90
93 24
37 29
6 38
90 79
5 23
91 48
32 14
58 36
64 32
29 26
80 52
91 32
66 76
89 11
93 64
75 40
602 566
424 900
63 75
228 282
255 85
65 95
795 949
995 435
38 820
796 393
910 984
277 665
230 484
110 14
490 598
676 624
585 451
975 757
759 330
921 572
143 65
497 371
604 196
70 47
257 486
843 999
939 768
873 325
131 21
279 684
299 51
270 796
401 129
436 212
351 478
248 633
548 542
130 763
216 578
528 386
163 193
347 163
758 149
807 374
373 890
231 709
271 989
530 17
945 939
193 841
200 504
399 467
858 132
452 149
823 773
123 186
382 830
653 487
47 857
91 343
943 36
362 179
727 457
980 147
313 694
574 587
176 202
491 519
913 623
554 537
763 156
703 712
255 794
633 351
775 348
761 763
820 886
782 503
942 403
871 911
892 312
80 148
282 577
825 357
152 162
419 13
197 771
530 990
51 742
36 430
946 343
262 966
256 668
731 496
946 772
621 261
698 690
862 618
522 506
399 590
18 697
464 946
42 549
853 298
428 591
94 462
591 603
84 130
295 972
248 700
589 848
514 983
961 828
445 381
15 647
664 40
601 664
325 448
152 777
728 897
145 770
371 263
12 970
643 579
549 565
81 966
837 852
647 560
960 209
709 251
367 593
535 168
543 925
905 68
749 821
90 18
25 720
870 993
273 639
414 330
226 451
856 284
335 785
123 280
114 421
115 866
290 278
646 746
183 957
655 755
101 92
75 98
168 647
382 675
948 700
319 890
398 188
488 861
209 525
502 599
318 35
186 325
466 639
862 779
960 290
123 59
454 268
589 264
408 519
88 960
108 914
356 305
531 451
850 453
121 167
493 751
526 733
227 84
667 520
37 678
60 196
735 583
214 763
131 71
31 323
416 145
570 747
488 457
256 845
687 938
577 622
903 606
594 678
311 97
125 831
24 684
315 628
843 690
378 445
864 482
7323 5579
1385 4357
3848 6512
7702 6122
3947 9650
7767 1514
4832 4611
8308 7816
3604 1453
4997 2038
1484 9516
9296 5380
3543 4047
104 4560
2096 6107
9359 1100
8311 9943
7288 4691
5849 6015
7405 2208
2352 7175
3535 9612
9488 95
1170 53
9902 3991
3273 7771
9908 3931
6284 4092
52 6568
5535 8739
1773 2005
525 6988
7312 6689
9607 752
1742 8717
483 9610
534 8762
7645 5986
3428 6902
367 7217
5551 8133
5223 6098
9681 7023
5176 616
9380 5074
3310 3080
1291 2695
2961 8595
6332 1382
7630 2956
3729 706
3411 396
8898 8990
3894 2368
6007 6203
2477 9546
8744 2515
9882 585
8276 6200
5275 2808
5684 145
7846 1978
7258 7075
1984 562
4964 9792
3209 6500
1102 4229
3969 7391
5730 9912
8044 8204
7788 4553
9860 4174
6006 6918
306 4350
3663 4880
3801 5456
2065 3589
2289 125
1211 2092
615 8411
2510 5403
4294 6525
7675 3020
5088 2154
9943 4188
1974 1441
8610 4835
5126 8726
5567 1029
8342 6477
2983 9067
979 9512
4561 2825
3912 4546
8925 4930
5292 3401
2594 9419
952 5784
1717 116
1184 5459
6323 717
327 1819
8135 9711
8095 7430
3229 5701
1908 929
3739 6415
7625 3818
8639 7768
2016 9145
2218 7716
4083 9878
287 3281
3894 4809
8381 8186
6994 275
3268 2774
9664 6663
8912 7568
5261 9716
735 6712
4766 7971
7469 7809
5234 9335
8192 214
8334 1741
3256 4708
7400 5131
1723 3669
5502 4574
4638 2348
8921 7239
3037 8648
112 9174
1928 966
1755 1320
6641 1024
8799 8078
5934 1432
8572 5873
7030 5723
9926 3614
1364 2001
1206 1746
6221 18
3353 1661
6707 5493
8863 2640
4493 4770
9517 9220
4670 7581
5805 7889
9681 5545
8786 8357
9794 9340
758 1318
2879 8009
4584 1542
2328 9719
2738 2456
900 4524
6246 5930
9987 6108
557 8893
8345 1353
90 6625
1678 3659
5705 1083
4639 8387
9674 1462
9795 6532
855 3363
3869 5817
8729 2345
204 6715
8710 7498
7800 4655
2725 682
1491 8598
8416 7523
4896 524
7562 6964
7600 9959
9271 7178
718 2627
6360 7008
449 2524
3959 3730
7534 2314
7814 9922
1626 7765
6033 4465
3503 8161
2104 5325
4773 6108
8864 4638
4282 6960
2833 9849
2755 200
5808 8173
24077 25642
59600 54857
62121 54187
37840 49080
23008 69725
92207 47985
26087 32688
50212 6600
12492 5821
79962 5396
73643 58438
41776 89086
92208 10230
61197 97234
11827 20106
5727 53883
28553 24850
25892 46841
1715 84828
77520 93738
14885 99530
76664 61607
78582 14456
51134 79495
55597 52628
43371 59484
7022 68980
88214 20518
2543 43949
36106 91545
12055 3749
17357 55744
97327 79169
46339 85996
52234 92139
45798 13240
97978 89903
30972 64007
25758 30309
30781 1163
93512 58558
39086 2776
25623 5683
82866 18023
34921 82105
66122 46199
84815 35797
98433 95111
36076 93912
45286 88551
77561 9157
43675 9025
23081 87787
10927 81559
67661 84747
37306 27141
35584 13357
93664 40255
19910 31818
4289 73948
8565 36938
32015 48016
15629 16621
97822 31134
88113 87026
10313 86159
38313 67696
11861 9298
59706 28558
57651 38506
20430 76380
31443 54201
92518 35072
67644 46281
67361 14170
93066 75423
28263 52925
23760 13763
99521 73567
52412 10344
68085 76688
39984 90052
78661 64066
81657 61308
36027 79879
51595 77368
9367 19908
43644 68890
22575 70156
15806 41250
31790 1259
15183 9139
36809 63126
7039 23066
46589 95430
56749 27687
20663 93901
16606 80204
38141 49802
50829 48634
3821 10547
91550 4352
87004 93088
56204 21066
2759 18563
72421 93254
87661 26564
50409 91136
92447 70533
14749 76318
12563 91922
57659 12565
4232 20091
3980 19489
88476 47384
84491 33474
28408 84335
98643 59765
76165 8709
10389 22428
25009 83843
61507 44741
69409 36744
5671 21589
71311 54418
63499 77588
54378 78150
73882 39862
99583 49709
70154 92845
95388 90956
40981 23928
3595 78848
45346 13418
38036 11562
38570 70058
17393 48245
32082 64175
45747 44862
53440 64595
94864 1679
95123 42535
10738 84088
40699 65987
43607 77825
35180 71431
5415 92054
22744 66281
91614 29365
9475 85043
65230 419
21344 94950
90294 72809
18420 22700
18994 8608
95103 52950
82344 63186
43176 31316
7682 89044
79560 89904
87982 12725
43865 1785
57731 30328
52206 62292
88066 97687
53201 89700
99854 74998
69671 35548
7609 22468
25301 95793
49382 33519
49345 17945
28201 35135
24441 6494
89152 81140
92712 39172
82867 13513
63527 19991
20959 69261
72657 11478
11863 65988
27048 8185
76576 7940
31997 36282
82934 16144
38268 89931
4377 1206
65528 44144
4542 65388
55433 15953
72558 41782
82834 80976
85594 52703
6747 90833
54986 96893
74125 78396
20167 55660
98898 82445
90689 41782
26385 71101
