1 1
10 10
1 10
10 1
617 488
263 344
521 197
367 624
423 945
312 320
597 144
944 539
903 158
509 964
232 921
669 726
711 17
664 849
623 860
681 116
281 613
552 432
717 388
855 958
943 252
26 997
179 86
997 319
611 136
54 48
263 682
873 359
241 83
761 846
909 944
808 912
857 645
516 208
43 59
986 398
14 938
249 283
506 44
866 335
600 93
721 691
757 194
268 121
508 51
953 40
288 579
504 554
403 598
925 546
550 996
389 756
602 795
39 197
855 123
700 813
9 30
947 783
389 720
827 125
441 895
780 145
783 951
303 565
882 172
667 838
622 129
897 586
928 215
785 362
150 483
955 309
599 9
92 71
216 816
382 538
710 768
285 186
899 526
75 40
331 380
588 834
537 126
470 683
166 288
455 362
612 87
295 247
813 649
459 103
535 264
504 902
760 80
934 991
667 144
798 839
396 386
317 943
898 947
330 477
825 279
184 246
834 587
223 840
773 601
500 187
677 753
596 957
228 767
823 68
409 173
368 508
669 837
900 838
653 107
846 698
726 895
848 126
867 2
95 277
462 759
140 909
628 87
880 698
629 735
887 754
304 925
838 460
903 605
303 893
835 708
915 81
880 195
599 380
275 827
894 701
544 504
399 664
93 25
292 426
958 885
859 409
240 263
828 125
456 548
102 329
362 13
29 373
491 443
508 332
746 712
198 319
28 405
194 834
199 288
541 878
658 103
105 648
512 47
101 976
882 495
473 105
199 250
949 119
840 732
669 671
178 980
682 333
122 469
29 959
39 682
215 358
536 210
280 274
106 725
441 939
474 116
263 349
291 781
130 717
140 909
154 711
544 393
276 759
24 559
344 422
486 996
6 802
533 385
997 68
113 907
147 594
614 493
294 518
719 36
384 181
64 843
997 262
594 393
18 78
652 99
80 751
818 498
22 399
133 28
424 234
727 699
816 394
509 737
735 49
337 142
981 176
43 703
649 485
474 633
129 484
156 243
989 199
324 882
553 238
342 911
404 448
918 712
668 289
877 827
187 149
716 218
264 553
504 182
306 383
663 135
559 392
351 198
100 304
692 863
130 928
173 535
837 629
977 488
252 340
65 651
342 125
71 379
107 871
156 664
782 247
284 386
651 326
91 766
925 196
668 358
543 770
893 443
127 83
459 781
426 199
856 680
603 853
953 919
908 915
714 716
131 878
742 992
837 203
682 844
697 352
585 987
173 415
163 838
811 855
922 653
123 209
89 984
911 335
821 130
982 930
746 855
508 609
727 443
605 324
950 955
514 575
205 935
753 510
66 48
260 905
772 679
739 43
383 866
86 476
241 479
551 732
309 955
43 417
940 886
719 161
599 173
196 459
908 392
141 629
176 156
434 198
361 658
805 565
688 956
793 465
317 382
827 390
91 779
595 243
612 225
606 893
854 85
620 242
115 241
350 602
46 844
508 406
975 189
775 703
927 23
701 799
291 753
464 250
434 668
314 717
155 991
401 436
992 824
580 152
254 960
835 498
805 761
886 427
646 509
712 139
705 771
106 279
347 5
476 117
149 173
151 268
440 680
231 930
189 337
390 509
259 252
796 989
893 313
104 945
898 395
401 245
27 575
981 832
495 596
368 670
977 400
23 257
289 393
834 377
982 560
218 839
142 87
228 799
558 600
648 796
578 22
654 427
236 690
293 31
547 855
429 768
948 578
264 942
779 723
511 722
391 901
676 232
769 653
5 660
292 316
227 610
439 283
267 128
888 843
97 811
189 540
173 139
264 467
697 396
586 394
185 481
440 662
266 990
689 269
911 396
575 491
347 444
441 290
987 406
231 976
811 693
841 618
452 684
195 349
513 2
187 447
569 289
280 36
623 479
32 869
634 935
175 647
589 89
711 698
973 987
33 95
669 826
887 75
838 227
814 21
800 530
196 977
488 938
126 474
291 234
717 545
710 586
630 624
664 199
296 853
662 276
311 501
728 872
687 76
812 685
553 46
272 708
424 878
998 584
142 532
449 13
980 620
597 487
684 40
351 613
594 980
143 999
967 473
806 57
968 609
153 708
441 598
635 657
38 940
151 727
139 770
883 71
722 827
541 181
69 753
50 542
266 646
796 290
602 919
446 67
239 776
867 688
636 103
505 466
205 189
596 377
395 373
395 336
43 589
993 102
610 314
394 248
716 59
265 669
817 488
88 570
411 529
812 392
387 890
350 226
291 504
16 400
625 950
371 785
460 519
543 863
385 731
386 75
720 659
493 772
312 278
415 820
161 875
345 346
808 2237
2546 3543
80 9803
7646 6738
7849 6525
3832 7253
8552 9992
7245 2490
284 4863
6028 5201
3328 8505
5681 6704
5760 6941
7970 4343
4137 5199
2405 8310
6895 2268
5970 327
4475 6729
2131 7849
6107 827
7515 2431
8448 1767
869 9305
7825 5294
5104 2809
3522 5905
647 2051
9290 6281
512 3675
659 8853
5335 9331
1159 4812
1696 9346
8312 4406
6220 9449
8397 1958
7974 1603
8833 1518
1991 2468
386 5428
8546 5970
8793 8012
5928 9276
8430 1491
5801 3358
3498 1316
189 4543
2807 759
8238 853
4083 466
5619 4362
3961 876
1705 7527
7020 473
1283 7570
623 1708
6154 8870
3934 6011
6729 1689
259 2551
7929 7603
8108 5760
1476 3887
7774 9917
8144 3434
1033 3977
3601 5293
6107 2539
8885 7638
4018 8796
1212 1808
8770 9318
8406 6324
2753 4523
5520 21
7748 6678
6474 4654
9500 6142
8114 9046
7980 5119
1 174
4519 5798
6863 9744
4102 9800
6961 814
6853 8226
1944 1356
2828 7116
5532 5230
4211 8654
7243 4918
3161 6647
2026 9865
1315 1413
4717 3758
8709 3007
2590 8841
4089 1845
128 6395
7454 7247
3709 8492
2756 7373
282 7434
3947 749
512 3704
529 6572
3235 2248
5663 5665
3464 1008
9848 3408
8834 5400
9372 3811
2566 6258
9500 2601
623 316
1038 5830
4694 680
7477 2575
5561 7479
2339 1251
5402 9473
3165 8373
3813 7286
2222 9832
7027 390
8167 2553
3925 2120
3569 9858
158 584
5642 2126
7767 9541
6342 1785
8859 149
386 8120
6134 7559
4238 7612
3260 2850
4250 2598
7764 8016
1336 4809
8353 9236
7792 1667
5469 3505
815 5675
8360 4342
1236 9973
8677 7034
474 4353
9358 3891
5922 5455
9480 516
5841 5174
2097 443
5392 6102
3407 4215
8549 6195
3797 2086
3091 4290
1065 1871
4559 3876
213 3257
8422 3745
378 5244
5896 5042
3696 348
5767 6194
2727 5852
5468 6368
3703 6882
2573 3289
6283 7205
6550 8579
7810 3212
5713 3352
6475 7876
3155 888
1802 3298
4230 6834
6627 5427
7168 1667
8260 4638
9674 8615
3529 4574
4040 4228
6114 5989
5739 2067
8926 2612
3195 9940
9450 4357
9026 488
4241 9320
3857 8991
3671 2661
8682 1060
3222 110
1453 1498
5985 7881
5859 8830
9066 1675
9856 4819
605 1014
1151 9050
576 7217
1157 4703
4907 9100
7871 7453
6230 3205
1135 2471
654 8294
932 5272
4831 8276
2902 9332
4422 7009
1250 3807
3517 1403
175 1188
8704 1045
3334 1865
5435 2453
3328 1087
7485 4155
926 1679
5267 8538
2080 6893
3246 7823
3461 7040
9563 6342
2657 9904
3071 7061
206 9372
2913 3353
9427 5466
7542 7692
2820 1600
4988 7427
6608 855
220 7112
2807 2021
809 1438
5145 9104
304 8897
8081 2470
4981 1673
7695 5882
4367 8030
4597 5157
2844 1600
5322 3439
7145 3292
365 2571
8815 9171
6579 2962
5684 7418
1718 5361
6573 6848
8355 7671
2880 8455
5914 2402
6708 3249
4749 9712
1146 9991
5872 3853
4078 9512
22 1329
6389 4708
6228 3484
7512 7778
8818 8814
5603 3416
7260 6768
6195 1875
9842 3843
6583 9676
1009 1781
8404 8386
4319 7946
7539 3537
4349 550
2766 5386
7782 5423
9099 8868
3650 3060
1941 8571
7650 2143
7603 2942
8851 6235
3084 5247
3855 3016
6180 4208
8230 7545
8700 1768
4979 5995
5035 6193
2403 8589
2889 89
7324 5627
6933 6493
2350 9887
7400 8840
7566 3053
7641 1807
7759 6484
7922 792
9582 9547
1745 5373
2952 7814
263 8677
6492 4199
7332 8857
700 5453
4147 5984
6523 418
1592 7716
7228 6130
1916 744
4915 2808
2502 8474
8391 4890
754 5157
6353 699
3728 4421
8390 2838
9134 2995
492 7114
7065 9926
2050 8965
6338 7940
4772 6801
968 1094
8422 6515
2261 1596
3145 889
4422 102
8366 4909
5636 5860
1105 6631
4628 6112
7320 4556
3158 9460
8825 4822
4891 4209
5001 7891
2741 4140
8859 2977
7003 2915
8084 5036
6130 3131
585 3809
3839 690
923 1816
5857 285
4164 5055
9829 2745
2929 7824
2288 8134
5153 6508
9117 9543
2970 2062
401 7695
282 86
815 3838
6264 9949
3520 2283
5981 5264
4034 595
4296 2268
247 9424
9394 4936
294 35
7845 2308
9745 2442
3820 8540
7032 4699
834 2822
4280 3937
1610 8252
6513 3516
1106 8479
7152 3695
2137 9156
3991 7456
4683 5328
5608 2763
2194 7004
2020 3574
5372 461
791 3350
8564 617
4086 9658
693 7106
2731 9176
9632 672
4692 1687
8813 6722
8492 7536
4047 7715
2905 860
3295 3053
1898 6412
4448 4265
5540 1517
1405 299
8401 7490
2576 5251
9310 7752
2627 9996
6798 4436
1469 4422
2783 3864
5394 5420
850 9521
2753 1787
6938 4796
8055 5192
3796 9477
3665 9565
3478 2887
5075 7300
2424 7755
8351 5986
820 3821
3408 5708
9744 9866
7641 3751
6394 3165
430 7908
6973 4548
7291 438
6181 2064
1837 4366
5490 3105
5619 7930
3949 2647
2532 6875
411 8424
4196 459
6624 7441
497 8486
5796 686
5606 9792
4278 5037
5591 3485
5919 7449
6482 8489
8994 1286
6162 1858
3622 4980
6210 4411
8107 8662
9997 17916
48789 4317
12757 36167
22573 55355
91537 38284
64809 27870
49953 32604
78262 59015
19979 27298
97680 31691
89371 79871
61976 54502
31523 1819
46697 91652
9854 55491
71559 17748
6027 21367
48853 20663
30739 48064
5010 75206
49951 5964
91997 95050
94069 87133
34804 58124
47106 52279
2748 56787
2599 83359
83361 32624
19378 4588
1999 56567
82809 80996
69683 33271
30740 63772
99160 68678
95027 59864
62508 75695
27871 36487
84686 90987
11236 35958
77590 45872
97038 2416
32092 5203
216283 105812
151730 401520
440815 41322
142308 38051
