203 233
611 876
949 968
863 987
594 953
172 776
654 754
11 95
636 682
759 819
113 646
505 867
7 744
369 641
255 904
377 674
845 958
443 833
107 361
276 911
567 886
768 842
246 418
644 922
402 786
486 712
521 653
620 651
895 999
838 888
999 1000
594 978
41 496
777 794
315 629
830 947
523 948
484 540
15 297
868 912
957 965
785 790
111 556
708 997
289 485
326 738
988 994
955 964
183 340
377 479
147 793
238 524
370 686
422 696
997 999
448 491
111 372
580 754
419 714
594 921
780 969
131 583
770 971
315 446
719 891
99 788
132 776
229 959
294 766
127 157
898 987
735 950
754 801
409 859
160 832
799 928
735 765
591 676
508 554
184 278
735 818
812 915
319 951
311 905
89 309
732 764
360 644
768 976
849 881
539 658
519 887
906 978
456 571
917 925
227 323
355 895
478 661
787 990
304 528
988 1000
328 431
956 958
681 983
853 935
888 893
242 364
457 522
932 947
563 884
455 729
982 994
66 439
469 606
393 418
746 967
49 517
464 688
184 989
151 474
574 583
568 573
771 800
676 883
407 856
563 585
106 796
65 618
880 999
627 785
105 392
850 992
894 917
342 859
638 680
847 937
483 531
112 260
42 545
368 483
143 674
444 992
818 957
652 669
515 955
14 85
426 943
32 417
543 821
169 739
460 970
281 878
142 916
866 945
154 535
445 806
416 744
236 815
143 803
465 539
197 339
210 222
676 873
233 312
986 993
411 739
43 382
544 981
622 911
166 529
283 319
114 177
521 789
141 603
340 732
917 941
634 989
508 905
716 760
963 981
468 829
503 601
241 568
737 913
104 544
512 854
571 779
992 996
950 963
751 913
43 324
437 594
360 849
430 997
47 930
518 594
785 908
273 584
27 278
846 860
997 1000
105 508
212 270
504 956
551 779
960 999
697 892
334 804
609 697
456 635
576 739
486 664
19 300
117 299
633 834
176 860
565 800
893 916
202 224
782 920
568 747
40 343
349 763
457 864
582 985
395 538
318 564
565 566
420 851
628 983
210 874
566 968
332 616
858 991
749 880
966 972
662 755
612 673
863 887
822 850
75 676
891 964
320 324
76 747
766 929
871 924
947 958
95 812
453 609
600 705
137 677
110 743
551 745
14 518
403 982
529 888
939 976
211 693
597 941
208 754
25 650
796 966
827 894
181 363
630 907
682 734
638 686
645 882
300 693
532 536
585 840
208 542
91 990
78 817
871 927
273 335
496 850
646 990
119 883
292 684
151 263
670 812
328 638
75 678
318 607
233 768
762 983
41 311
283 946
749 936
290 344
249 270
246 608
784 838
444 509
395 672
97 500
45 354
551 949
995 1000
795 952
927 976
251 483
741 755
754 892
452 847
326 985
177 837
979 1000
398 915
838 844
42 96
896 898
100 971
664 705
218 752
291 418
862 964
723 909
673 748
760 815
901 971
316 353
606 976
552 629
608 956
415 425
875 899
818 992
192 325
161 292
447 663
806 913
720 776
734 992
806 874
794 917
103 742
661 991
812 833
189 260
172 314
940 959
621 853
378 509
726 872
630 864
765 833
563 781
165 282
16 206
5 689
339 552
668 763
47 889
675 726
441 965
967 989
419 452
273 785
513 684
415 919
383 836
633 789
122 916
945 977
330 856
682 739
110 534
629 801
733 922
676 892
43 625
278 925
734 796
204 536
281 395
504 668
438 601
985 990
461 624
382 421
23 451
969 974
580 715
553 661
473 604
392 895
655 847
346 406
653 867
495 829
546 547
776 963
278 788
552 626
367 665
710 844
882 928
473 959
415 572
850 938
116 889
967 979
151 412
513 724
421 572
501 849
815 832
213 657
856 981
815 841
965 994
271 411
266 983
60 835
11 342
615 880
647 847
666 753
456 900
181 477
536 986
65 231
747 997
698 815
517 958
590 826
238 550
376 495
658 667
345 744
867 953
525 947
70 747
640 963
917 931
460 985
519 1000
329 337
554 746
944 997
503 530
973 988
83 575
289 922
272 543
174 498
2 989
608 909
150 951
622 772
693 736
309 890
787 941
20 767
393 630
457 843
656 656
292 319
282 359
890 968
845 858
607 639
690 947
212 728
252 831
84 929
872 956
216 336
474 553
829 952
367 968
463 948
737 852
29 892
179 848
444 741
313 942
644 646
859 945
659 690
744 926
761 975
995 999
977 978
483 532
544 735
888 962
838 904
316 880
755 784
582 808
689 905
213 376
452 521
23 908
244 340
621 891
726 865
856 884
308 706
609 833
762 840
154 402
702 964
415 520
505 918
370 869
808 866
545 925
342 595
926 998
687 722
789 864
644 690
943 998
723 966
837 910
182 290
474 672
46 554
779 802
649 717
553 867
578 744
293 557
488 872
978 987
682 943
156 532
3 257
263 576
453 583
462 744
208 323
438 940
742 982
991 993
433 472
275 422
176 826
691 846
261 486
878 960
886 998
408 673
703 893
427 652
692 989
447 567
538 912
347 826
453 961
804 873
814 986
821 933
49 222
749 835
111 156
286 457
180 361
802 837
72 619
226 531
432 932
657 939
586 784
626 801
365 737
774 962
461 493
473 719
36 732
892 918
967 997
527 980
288 661
906 909
292 771
367 874
516 916
20 622
942 988
527 739
735 777
729 965
77 781
948 967
418 554
925 969
22 703
321 587
223 592
611 803
224 309
327 689
82 394
313 385
684 821
527 923
200 592
249 558
674 811
403 536
968 983
561 640
639 724
635 643
329 953
908 965
158 275
416 792
653 716
967 976
983 985
52 584
10 678
230 419
76 812
683 880
856 952
643 875
109 942
259 421
50 75
595 904
181 332
667 786
251 693
346 704
982 999
773 804
412 688
328 652
160 597
661 936
80 939
225 248
513 905
612 851
426 974
655 719
201 297
766 988
546 687
143 178
153 765
358 578
857 939
787 834
790 799
856 933
632 745
922 963
200 911
963 995
549 560
788 975
569 721
273 906
110 138
357 378
302 524
33 614
474 507
948 983
299 603
207 255
417 571
845 870
828 866
979 979
96 289
776 910
630 806
979 988
166 925
36 247
601 687
913 998
130 828
506 520
325 894
834 871
206 597
40 663
705 719
422 839
15 644
69 105
844 982
803 925
238 689
506 588
139 669
717 838
806 896
766 922
266 725
976 987
883 985
921 923
225 854
200 792
635 758
496 535
850 895
52 502
747 996
339 340
951 996
338 474
345 427
148 928
138 930
323 331
506 861
619 931
266 285
950 981
388 917
589 878
105 811
833 930
393 741
638 732
783 941
951 980
481 560
558 750
574 671
288 785
135 200
944 980
706 770
192 576
863 992
468 488
766 813
581 882
670 881
433 552
963 963
855 861
320 882
366 512
475 697
426 730
570 937
7 835
571 858
893 969
235 271
312 885
794 997
621 669
469 476
256 946
510 695
230 605
177 716
886 902
358 623
291 421
678 948
309 344
153 346
5 14
843 958
78 966
963 982
646 973
84 167
679 965
769 798
653 766
209 464
993 995
905 920
238 644
529 682
732 744
35 144
436 440
242 849
379 503
18 403
721 909
262 553
49 894
742 930
852 878
437 888
595 701
20 963
238 790
339 754
644 739
667 803
622 732
273 961
875 991
929 977
594 722
85 923
697 743
898 940
616 804
461 533
111 671
547 892
67 263
411 536
720 916
379 624
714 747
335 428
638 835
915 923
455 799
902 916
369 876
180 272
648 847
501 756
976 980
3 794
324 368
54 388
218 778
24 948
684 797
496 822
380 451
56 374
416 767
762 973
261 354
124 744
695 788
726 750
32 764
976 997
223 894
273 797
306 629
214 292
807 867
650 745
884 892
624 927
255 605
720 925
598 664
688 732
513 658
753 851
21 742
547 820
718 802
755 880
896 968
927 977
515 610
822 885
694 852
565 782
448 839
805 847
248 981
260 729
537 927
736 997
662 864
831 961
644 715
23 295
629 791
493 520
214 410
232 890
117 302
757 863
3 457
538 960
328 907
860 914
387 869
253 887
107 972
519 809
722 825
682 870
5 716
956 975
409 520
812 840
236 834
666 741
667 706
29 744
226 663
265 641
1 408
778 993
217 351
503 546
182 281
430 955
693 976
235 914
743 983
255 464
293 426
846 909
812 978
525 746
835 887
302 800
872 909
929 978
160 339
335 936
85 938
104 546
470 724
991 999
759 971
371 420
956 995
341 416
911 916
749 888
771 887
506 601
529 540
124 862
468 648
904 934
160 645
549 767
513 919
659 885
129 315
998 1000
24 323
595 619
42 321
817 867
593 769
250 859
596 728
870 940
442 526
14 104
243 652
117 931
244 411
808 810
639 882
642 832
426 903
56 963
977 998
246 297
398 811
164 621
13 121
103 135
234 533
760 835
981 982
694 939
555 802
435 757
30 741
419 968
15 861
372 950
706 841
815 929
495 634
25 189
806 854
503 805
316 479
451 860
274 441
549 575
618 967
789 850
625 927
517 885
900 916
866 932
883 963
784 864
520 832
926 979
151 828
