84442 75795
42057 25892
51127 40494
78380 30331
47660 58338
90811 50469
28184 75580
61837 25051
90974 98278
81021 90216
13437 84743
76377 25507
49544 44949
65159 78872
9386 2835
83576 43277
76228 211
44539 72154
22876 94527
90142 3059
95603 94782
5656 8488
83550 73597
66973 30814
60594 60680
58120 15839
43067 39353
72301 99481
94939 54418
44485 26824
23797 54423
36996 60392
62572 6553
1317 83747
25936 23433
99564 47026
83646 47635
63907 15062
63486 86804
52318 74125
23605 10317
39606 15498
6652 40159
91795 80045
76516 22193
53668 27668
17267 10619
21440 92747
82892 80665
80044 19344
62290 74178
79519 94245
73990 92232
2901 46562
94335 64897
90090 11321
46907 24658
54376 57394
1312 21673
27948 91634
79334 82195
48503 26162
46 66282
47025 75973
37316 77014
27270 80191
72982 41401
53830 68205
19299 55361
80512 26552
32383 15085
65093 7244
53588 36569
5800 50744
3750 43365
6986 9072
42452 82685
12381 22324
62743 94770
57710 39668
22671 96229
12633 70481
8519 24744
99912 20940
64187 45913
45313 49498
19223 83052
8957 23419
2000 26677
40766 90206
46301 37331
13854 86656
644 50278
89829 8082
55427 61665
4090 37902
70348 45202
72506 15716
23801 11095
50627 92383
57140 42889
57809 20610
81332 82359
65347 16023
52067 32777
25000 95281
99655 4456
86016 60319
38161 28362
67496 45683
45238 55977
92421 46565
50784 58738
18466 51191
62988 79297
9413 30340
9067 80964
69344 4188
98219 96475
65392 61556
47457 65747
66641 14260
1087 37476
27405 81034
69059 60146
55819 66132
14531 44006
16227 90597
5883 81882
7461 68694
25901 68526
68408 84933
18573 23056
14716 22517
73402 13022
53131 21391
29466 43158
83765 60840
1444 27584
14671 87128
10683 70258
65204 94035
27112 25578
73406 65845
30299 68423
39667 77751
11840 22327
90146 35803
26040 80428
63166 14971
96524 1166
73599 15802
98633 1689
87949 68135
85734 99981
23972 33808
70819 28058
26332 22861
85783 87453
79761 22339
36152 48048
41695 44676
40952 65770
25886 63499
1013 30205
33507 14195
74341 31011
78924 95620
25351 89354
80763 66742
52198 80669
96049 28963
76610 70422
66138 11017
2694 38417
74639 25239
50160 31744
84632 94519
40159 99844
6220 81261
18127 66143
33456 19794
48952 49403
47977 45833
26453 25380
69188 32444
67482 78717
86594 94402
23456 23740
73482 57554
67712 78491
52047 51149
39354 99681
28937 14826
26108 26044
32737 26791
10765 32550
31107 56924
20163 7079
20256 54244
90564 68625
76651 90461
25983 63572
90494 87213
57294 16938
41152 99383
10325 31914
95003 44940
20866 31691
90863 33557
16495 68977
63500 47910
21602 79263
80785 51246
50508 23606
319 37105
58536 6927
79375 23226
23270 4234
99756 73869
95820 14037
2362 99863
18426 12060
65142 34565
88955 23174
95948 31945
60114 93208
68526 92384
70811 4844
88136 58955
92486 94860
89243 8355
59203 42375
53009 13031
19200 44457
22104 45503
2477 8578
71001 42125
51263 73421
35900 5756
71234 83980
18260 99828
19410 67089
9179 75773
15130 70656
72445 76594
44138 86577
98790 11560
51689 95816
73915 44421
37696 92678
84344 21405
87170 63646
4240 95297
25569 30590
42408 58851
12440 68668
83224 51232
79446 62498
82481 18094
74729 20276
20516 60076
5676 77633
76441 4174
68339 50274
63544 95373
98675 40914
84414 78630
97175 2880
93789 22228
64850 70137
95704 19641
6537 82425
33307 37238
81486 18334
90968 49117
7134 91781
57300 7874
83858 77481
74017 65753
11296 13086
59726 17805
13250 46410
41757 21333
39168 84226
13111 18759
2780 23989
9499 98474
31456 98901
12944 90400
54812 34583
84485 28860
51034 34382
41549 97385
10374 44470
22481 34957
99874 32930
60778 41962
73045 44721
17044 43391
53908 28920
3004 65363
21001 25728
39720 64158
98881 46153
99348 99257
24268 7265
15990 84190
59955 91746
97216 65442
1228 11240
39284 68386
13869 11245
23181 75759
14740 74065
66217 13658
53566 44775
41257 99634
9312 2037
93980 40295
7743 21362
30313 90021
49625 72024
10024 50893
84307 52280
94470 88180
37096 75
75526 12641
942 73068
84284 83657
57033 63223
81700 27729
65186 89081
90882 18652
65173 61712
50339 96619
52827 44525
94356 63562
30130 30926
49610 5260
52894 58575
84332 89864
88218 36470
94884 42408
30619 9454
51168 15483
27423 61058
77637 75266
8641 6124
25522 55196
54869 75054
74730 86504
28591 96557
56674 74739
75490 92920
27411 36662
71734 58530
75037 36429
95523 1128
72168 37455
32870 98321
95924 91832
78990 87506
41 62699
24765 73044
43239 56009
54277 57616
82734 98154
34555 80610
88926 39207
68200 9161
61782 84192
83455 51502
63104 36923
52802 10786
68295 60067
28193 37857
73613 44388
95961 97125
83836 9103
63947 42902
72430 6624
69786 37493
60804 17009
34457 26697
32948 72659
47305 96279
58284 22330
61280 52805
14083 52685
20985 38540
19506 39560
56268 64581
25469 35609
17830 81469
29401 88277
7372 862
42385 42218
75228 86731
51337 29980
45861 87786
3185 28243
96179 66432
12838 34839
87975 44076
2864 89618
12988 64126
61958 46067
96198 17656
60474 11361
38102 23072
16604 91383
57794 69013
55306 38355
73162 57643
78121 66158
83929 43940
15505 14984
72317 16751
65465 62077
63943 2502
27503 22321
73647 67670
89218 8694
42192 2980
21864 50536
2654 19884
64988 54494
22044 58926
80943 650
3856 69622
14394 46253
67165 79295
45319 49827
1916 43239
37238 85229
54698 75531
43407 17619
85087 82022
37586 9575
40854 54197
86203 17667
22516 2910
11665 881
15669 51371
98949 69351
37843 40505
69131 32612
7356 84152
61722 11201
27188 48803
8188 33874
7234 1104
28385 11771
31104 74347
3576 62494
13501 79507
73697 21101
84807 71730
7496 40813
88826 40000
58862 85978
22854 51572
58373 94720
3219 6895
32009 82509
84315 13539
91954 52777
96789 93451
9293 97436
35185 43019
45367 34347
51244 39242
4091 41853
2366 10246
26381 96557
48155 54669
91740 89873
56757 23005
52327 35908
54816 13190
71154 30225
93832 19272
76198 16564
96608 87360
10752 64931
21805 51160
85031 15492
21711 7332
6351 49889
6689 41324
11051 75211
51128 4968
4481 73593
15435 73374
63044 50428
85579 60256
57336 40008
24875 13799
42325 37606
49754 26618
63741 24248
47317 97033
8519 31738
67644 8525
15332 82527
97972 31934
18897 97237
32892 60378
60749 63499
24352 50221
16194 82122
23140 55233
92635 39738
96786 73147
54811 62892
58606 36022
99671 40389
98384 85257
2835 25820
97835 5453
72566 48386
94172 40686
91924 15915
99478 41298
18315 34610
63079 3420
38719 1111
6937 17030
23063 27437
61714 89013
45649 71140
93698 52056
73384 72803
85818 3680
16930 99697
74680 26100
74244 16924
36024 44092
22882 13820
91364 13748
55607 48302
95898 38039
44650 57739
38210 91190
87855 72374
5601 98975
54890 59769
54212 51575
93071 27315
9034 95063
14997 73937
84124 74713
30194 35163
72186 96564
66263 54058
38790 40574
71909 42889
53420 63095
63252 4103
96591 55976
47367 52328
76766 98860
42057 23094
37469 6770
64322 99259
20722 75904
21091 92965
55698 38465
3035 15564
4257 58969
1932 51413
97664 29025
97422 63603
88398 1968
73564 51670
60434 37798
97697 65528
72558 68324
54636 81341
58076 20573
64197 94648
4121 44940
35345 28792
87692 96673
80389 41903
87183 10461
48965 46996
7345 55353
37665 36783
22419 93264
94574 2276
84691 71437
67989 1058
82831 37826
80655 53605
76129 72862
33891 66973
96898 89277
90749 10115
30781 57796
26562 80789
46722 33252
89675 79241
85961 66581
18546 38993
23943 79313
919 79054
16678 30614
62868 67491
49449 55669
80974 32062
32097 69316
48617 35935
40550 32980
16759 63180
89378 68881
63478 33755
43352 14417
72872 29647
92799 17303
97062 23811
46475 89776
35578 50805
16153 96115
98528 17169
12276 47255
51873 77530
34275 59010
16033 21262
44514 29409
90942 48431
8705 74996
7544 20251
7393 62821
84253 61119
22247 84501
87151 32815
27376 67376
97273 91281
47616 63022
40396 92002
1686 98761
70411 80399
80310 20137
81941 65297
14743 86133
44004 72129
8367 67946
535 6383
41474 28770
84471 44377
52873 55126
33890 63949
90003 7199
56091 26404
65567 62338
4574 11291
52835 85865
79767 82389
7081 43459
24625 44569
25609 86148
56043 74428
92652 49492
46854 12796
78427 6950
36339 16723
72818 45795
50491 52835
7480 76600
97209 41529
94487 42947
62161 91945
20376 3975
17677 3499
43946 12302
9552 30822
40070 88165
1272 64993
74167 94080
74740 90814
11098 57977
43187 26549
86041 32940
97367 36125
55362 77422
78175 4179
73354 10607
34246 9339
68424 9584
16692 60512
32804 91462
78805 86469
41453 82884
56704 83061
32120 54822
44028 41220
39212 41432
14721 14244
90977 29408
45943 13636
99506 15465
67394 59802
71462 41053
38009 39990
7256 31977
27584 78082
44584 9636
3170 34598
32376 62003
848 98285
82216 99901
26335 19949
5474 19381
2419 69174
36567 81556
76067 34933
16680 34768
3030 64832
7343 59436
98944 34399
54397 37434
73960 68546
59873 97608
70291 34283
37995 63364
69201 22200
80902 44702
77240 9108
27982 50214
56415 46096
58674 48723
51790 20224
11040 25510
77981 2541
35219 42236
55306 43353
85541 93728
56871 20249
85972 51528
11361 12062
30912 87541
93364 35141
44167 45672
92413 44600
31335 50272
302 51424
12720 82250
43842 95322
45085 43662
4164 76762
67345 67086
47267 67273
88248 69202
34564 89732
31700 8379
25119 49654
86129 34772
66154 26807
37056 95018
20005 29698
41812 23731
30138 84076
48972 8318
84717 22743
78922 6041
65909 59015
60687 98116
74281 33198
79911 32591
24050 82255
11507 47624
55789 61133
14548 63065
50062 85112
2836 95717
17268 81335
50731 83569
18288 32148
81448 9603
92439 73042
25734 42748
3415 14729
65145 77219
18870 69659
37883 54593
83400 23562
17465 42441
97771 40664
14534 34951
16294 24590
69238 15502
35092 20055
97440 49108
30906 40998
82805 36783
81769 38213
25972 90307
4105 91231
27149 54191
70813 95859
36908 53279
37472 55009
84151 99280
92854 93830
5439 24130
94601 56287
14474 62127
93544 23125
50594 45329
55797 38422
83452 15941
45034 76293
60609 90587
28868 35789
30474 13224
7534 51393
29791 57986
96104 99470
14472 48990
50510 96884
81198 79016
68004 15659
91312 43348
58276 9948
30718 84177
12428 8533
32564 34936
49122 48467
49616 85676
8870 37842
4917 64979
18919 30896
81865 5462
15354 30131
81158 47544
62615 90091
22983 44584
16676 78158
73153 91406
3733 440
99345 31852
19664 49872
55144 73927
60860 54490
75610 26133
46738 89100
72562 60304
12577 93859
19959 61505
10711 90517
19208 46122
77123 90790
58222 68122
53638 84629
22459 68407
60129 46594
43070 539
56240 43087
79152 3104
83774 31748
1202 6968
50223 63159
82137 81710
10263 86378
9580 81964
46044 58088
75949 20846
6221 88519
14596 18918
83910 54055
28086 33543
54331 32777
70990 12244
36368 27611
75485 83624
51397 89247
6959 67417
25040 18746
39749 18951
90244 62554
52667 69672
85248 68603
13551 99174
12237 14062
17332 41020
66983 13949
16384 46444
86133 6033
8109 60680
99772 14059
85228 14958
41602 89590
29970 68133
7657 86043
46768 368
14528 46138
78563 55845
97426 9098
20367 9270
65948 58613
63441 35485
45127 88837
81792 26473
27283 7428
73155 4105
67906 95193
84677 37266
80909 13146
8352 17238
68381 16136
94920 84432
74236 46545
82700 24368
60329 37057
49043 96394
21664 75475
76638 8743
99270 44856
42105 56491
55814 58885
80078 96687
67261 80880
57027 47150
83833 99594
57258 63104
6216 86208
64179 63362
16495 58130
91234 49435
56580 35330
11362 35538
17285 12190
16108 3297
55341 11909
62171 36786
90677 65566
77078 64865
75195 94179
54680 12412
28010 43070
1690 49820
95203 42856
83402 96002
2041 1305
43601 95992
45449 79768
67155 4511
46588 64377
76016 51382
99710 53922
93555 12833
49397 13950
1287 8481
27664 19380
56801 52917
19479 64862
36001 74365
38702 15400
37060 90762
39603 20606
81779 75878
69828 2182
40723 31451
25508 33905
27595 50432
1127 57659
98105 48334
31784 68869
19454 80607
37206 84202
79629 57435
55790 4160
88823 81506
36812 7084
43788 67268
82197 24227
30556 25231
41211 18776
35640 83116
35238 5873
47333 72818
67849 6466
49702 19593
3454 97962
70487 36097
77600 79115
747 38331
30462 4618
40398 20008
17881 24843
75987 25115
38307 68431
53863 93837
48928 42164
61321 21670
90200 37398
38811 68237
15228 66057
