73015 472134
192249 353185
292190 264641
239534 343206
159880 464401
261777 249590
302028 182610
151424 94306
343930 403936
126793 47218
323296 454210
264517 300330
244949 344138
153651 290211
183544 258719
468445 307027
395572 358287
90216 61833
360658 97713
226988 163025
249276 479625
90213 442429
310820 204617
367136 274604
194722 459228
260593 210563
147289 387720
307396 359376
160546 219577
168406 139620
273251 219247
443478 254726
332215 352947
316463 396078
436388 241444
42162 32846
242935 200294
159469 484904
102582 222929
138084 344740
13375 306005
88251 118618
92530 311825
111160 459207
346404 318280
220837 202415
45590 303809
411006 163465
289452 42281
473122 266004
409597 77332
443634 246285
332349 379490
416345 265507
303105 389437
249768 423657
288713 249102
459746 82163
117720 493549
254568 386753
444266 406125
116307 472492
158950 36106
250413 251183
162633 155090
102446 158782
270386 367600
389279 78063
259776 17692
127239 498192
411765 499279
260346 331672
372991 408356
245648 90424
176746 445544
496561 492424
388522 78375
166997 224108
215917 486777
156721 147380
283501 247520
141134 462540
249991 49448
360394 498242
46604 220506
355528 120045
190311 201615
130843 241576
359641 372716
324242 318244
455789 45681
353535 315138
234078 179657
444029 488848
110600 472839
358603 456598
487182 360272
101919 462244
448953 273977
33473 50184
163433 73326
292045 405194
119571 199352
107917 339482
470370 389277
160005 329643
488633 146213
102574 25894
422364 66271
237860 81041
115935 28188
274820 341991
35597 182027
94280 181204
93564 30457
167756 19859
255405 460791
158438 362237
74694 73805
88966 301460
221071 499180
398069 381307
482959 412945
5817 182048
233511 208941
128267 264903
41067 280982
21676 197628
202762 76423
164291 402482
281433 149542
48278 56685
81823 415623
257681 63543
226122 250219
105076 328883
482835 367698
455488 123943
262749 158881
462777 191572
402262 63428
4588 194418
405959 155723
196043 499396
332814 226913
102343 304580
193849 364181
471197 11917
66106 59938
231866 75821
293077 493140
378905 108221
392863 361055
476555 260498
337743 184090
164072 474386
108099 423557
426888 367334
302946 90445
51754 317827
148371 452866
105197 3830
489427 129630
262917 275849
203784 268208
395651 341121
20566 215090
338616 156729
206807 25901
47622 239378
128144 52495
243372 173587
477667 138038
386137 140986
108497 340060
258553 157672
270772 53076
13154 230643
249829 471835
464683 153439
92690 133779
421522 216876
149420 62605
285565 330596
352654 417473
474214 192065
408630 400414
408284 94441
371510 100480
492314 483641
312623 497295
51977 485420
246275 157058
213079 493561
303222 437511
313635 43307
451801 250989
373045 282916
324209 50160
232940 160290
223655 204374
474444 491727
152257 136798
441882 165615
441516 37776
297655 298155
218718 305163
113833 581
358734 75226
194427 14012
307735 479242
330422 485082
439216 231483
481240 360794
419394 398303
187671 428218
322412 152893
439585 235179
109994 46735
423359 285673
112412 82891
299675 387402
96505 178347
293927 154690
167032 410124
87317 290305
167084 352437
157102 379928
187175 182960
122104 209570
388840 477759
192079 437469
268581 317968
295928 341246
467364 448288
44110 4920
79658 338786
465915 186814
38586 172710
131201 117714
374161 329798
141139 493381
131731 263648
38033 136729
13157 346990
417876 174056
311252 221357
429261 270834
494500 266867
343305 67707
273175 245167
329531 166083
224474 258561
397162 17960
493739 109306
63054 107220
201952 442739
380457 181062
245861 481608
61074 243252
356840 285326
311218 18783
32869 322335
496079 452378
215119 420319
410419 40206
95941 234151
315840 146060
294500 480409
353287 68037
283659 215696
452923 375923
405402 172752
302086 449262
475756 396010
423143 471683
275154 196710
200280 169772
278279 198583
247684 66925
129592 339606
46841 128017
114679 256980
302094 149354
142630 162536
306068 357722
39312 252913
453523 280326
108808 93925
69760 349251
494260 419681
383255 439086
260812 117267
119429 225765
36578 355407
260379 285269
310734 13509
113394 440065
449816 34250
236561 399826
79494 98704
195355 4736
328273 468942
157287 252614
22141 431714
314977 460150
381263 71310
102960 50462
373620 325761
321243 477302
183951 180166
490228 424473
16028 448713
352059 136050
17624 42386
375019 45429
99741 405604
338231 241682
46881 91065
296439 225828
266241 385218
245733 17699
91360 438105
298257 35648
118618 60403
152752 325312
245343 449627
264655 101974
433333 129749
126766 221747
272615 404927
158136 346658
128846 56573
82101 46902
474512 237775
367242 78491
293622 270109
37330 472935
493190 396959
443808 86631
4427 17253
216464 121995
271393 315448
449418 154239
203340 19499
323745 490761
185842 408803
363483 463518
426567 162322
1697 342433
286326 405062
266343 222976
173674 132255
383134 272259
442746 102392
353151 104585
198796 392564
142908 36803
227146 233072
281218 35450
43602 28794
237550 100751
401603 240621
207852 224275
283445 442893
269177 290297
362195 290696
72092 231653
63530 375945
218576 126863
190655 342511
300955 452691
317768 49234
44262 310391
172461 367099
87312 400940
372927 256803
83119 179552
232223 321375
332155 467784
178921 179307
217243 13054
107785 71122
493564 360753
13344 52037
244791 309266
7765 393940
442764 321209
187191 44153
259682 287202
282008 17469
154458 199544
373848 429433
35389 499440
341897 204974
122112 61700
247996 460346
415180 74526
91518 367556
308445 157420
19506 44902
301758 323296
390330 152519
339600 417097
97927 268260
222317 17670
403022 332003
311207 218780
445377 232262
81060 6742
387014 397061
70712 464338
361587 145951
429606 436779
306949 229703
443338 252818
106390 94511
475641 118995
314403 174105
253667 337660
329678 259399
74645 295699
215304 434903
59416 464164
22387 251116
301907 496877
247427 73326
105073 282622
442491 241099
474055 320154
106558 35977
292503 477115
345281 484825
339477 471604
444752 489240
339897 61904
34598 267535
78829 255192
181753 259557
165930 117445
395665 193642
278844 493801
361303 104583
105791 142905
491132 163237
51226 351620
5967 160491
402475 308796
27359 486988
360581 208808
295345 81711
195197 135910
294346 463420
136921 77165
132623 96817
199342 110636
355383 438035
382408 457542
128865 168094
61625 427909
332221 38715
311349 477956
36207 232891
369406 184678
299482 438866
66414 6689
358774 496251
432765 421357
49759 383518
192602 173071
44133 60562
315992 371221
263277 428504
268952 261821
338506 278423
112615 114807
152566 27838
357670 355428
254861 272960
220266 361376
292198 38419
135836 58589
18365 350131
412498 69890
435915 416539
434075 435542
106365 289420
397544 181261
426682 468862
306276 477715
376801 371796
484061 87244
62622 129698
460122 305365
145653 46740
255550 291419
20657 2868
91418 263395
291490 349900
383033 302625
307195 192231
43792 479962
445418 186878
493996 78654
111736 276721
387635 317519
496940 172826
268061 12251
4415 349697
241583 415203
471929 488185
366937 87976
341906 206220
277296 142498
94234 423689
287627 33505
315715 490406
122277 329893
13298 400107
313680 236831
292934 452029
173810 96703
196194 166622
51263 389560
1272 461884
55023 71459
117125 77782
327619 157820
303574 270152
184784 426972
34722 344080
137438 461602
224193 292248
409809 444390
322793 478691
257579 304836
92877 122546
145347 398595
58575 113036
55984 276917
156583 348074
412924 192932
105440 482533
418286 337322
252595 390846
161826 55955
63938 311386
442343 235735
368018 127496
152226 372675
357765 317171
441390 218638
462190 108540
139487 176255
88577 49359
319153 445654
394614 391336
117519 152281
186464 114195
330028 58653
385339 470394
48937 421835
412061 250708
278171 175248
207966 408632
382056 55645
382589 206041
49670 98797
111985 419328
199173 137284
476929 260348
205749 153204
69034 457358
82162 277270
253474 299025
345799 72001
55710 421514
132550 97116
377956 298666
131657 357131
348621 254764
202012 393734
223161 47062
238454 353019
323412 445411
384196 305199
391159 188829
219671 9555
103554 471521
193296 484611
254250 429481
439540 11115
118624 171436
497143 233453
449478 418229
39418 274510
153549 177855
21504 264503
218402 326105
282829 67634
437944 379163
494765 79448
418049 367806
327154 324566
488580 192993
371791 276553
165910 209951
172085 347460
1222 317219
151255 346152
302519 372545
217068 183531
371677 350156
4908 11834
359352 115649
37560 73790
496848 195820
307365 315761
212060 75699
33630 40592
466351 447001
338398 323838
148857 227702
442381 33807
289298 401654
104719 216657
261836 46429
211655 57825
402902 157652
81605 259289
304707 226079
83390 119604
358739 168793
76651 55138
174764 105981
47252 203268
138764 403960
377533 260648
88200 336229
381681 319363
161320 275198
188136 156722
379236 385364
318029 454967
356550 489497
159451 455606
150204 321814
300904 18968
475312 63485
98621 269212
161945 204800
367930 401040
88069 367416
332725 100418
131467 65358
215228 29498
28045 484111
69527 26633
368065 31507
87825 353192
162047 332337
271245 166933
209468 400865
8829 166106
380193 372419
493356 128667
287878 413305
75663 6590
397092 471687
363218 214544
207118 442590
141727 102865
373188 413961
110013 357512
427478 63832
499466 71252
171172 405151
90810 388670
438605 98732
392861 215605
303446 251499
85259 70539
340527 416416
485187 8318
143009 141357
412216 415236
370305 141389
146706 415245
386972 203877
400972 452226
262751 457735
386824 173738
324446 167651
465447 159998
117404 317535
326362 406563
79972 78450
492753 305759
389504 451496
254161 24726
462872 92074
193656 350170
7612 76620
70022 472646
299634 23879
323851 33867
268132 378477
298291 204934
380299 423281
39631 467539
433078 61082
41035 83187
479397 52878
347634 112173
277988 418444
170330 197469
123678 46603
401061 11423
19118 404241
441894 269518
365261 201339
148664 418718
361994 442541
306133 214294
430614 270073
59744 338879
266428 193548
153949 297115
458815 277229
199843 372758
244301 71849
71223 40207
488697 308296
424703 465533
484254 359094
89623 129997
40734 490101
114054 137239
16020 417771
230156 409793
169905 61779
191643 288819
128566 180487
162025 181881
30337 166953
202310 359370
202053 325466
327159 37609
410474 305965
121540 344488
400318 429343
232213 380530
420939 251087
188633 209714
445385 236078
15335 88424
488222 320296
388375 181368
356016 15812
478963 188178
366541 238166
106337 86033
296859 79249
442736 286487
17693 396530
403417 89238
345901 6096
408359 197677
365362 182041
184685 431573
255858 379823
65631 66061
396656 291059
62593 183678
129171 368627
415498 9088
238046 354231
492641 478208
360329 481216
146728 456702
294185 302469
318321 243978
324828 436802
77284 447000
464862 46736
103075 376161
58448 321450
1840 297977
101335 449
362191 53375
318591 65878
84882 335533
202159 161282
396550 214100
453667 190330
74960 246553
288754 132226
425456 408391
355819 47753
50841 270199
235548 89065
358247 236740
135079 193168
36089 402452
461662 493475
318161 102530
204850 321506
65004 180826
462692 419307
259111 299220
91517 132800
135982 443958
410089 251004
92430 452624
165682 369006
395792 118435
358571 480957
352585 61000
291583 325012
477694 148769
455652 262440
386628 1241
140593 117540
346043 59375
261100 481308
134540 313739
191498 281883
487794 110608
186925 367861
110493 200796
188633 89360
241209 51780
236176 478974
113080 416861
85517 169251
135845 141068
274616 496724
42694 330833
246768 1359
167615 147223
112385 462621
343699 432643
321429 299075
452066 179073
204008 302792
475919 83591
298885 65444
62386 170279
468738 359724
165088 405094
363678 210805
320645 474710
7069 43168
297254 270490
221234 251119
439208 240109
282709 168696
30474 63517
147741 215012
86912 434500
334183 147372
275935 380788
348474 319298
92050 186151
186331 93859
268561 250237
267265 213027
395025 402045
301203 120025
189439 250361
227060 172817
300773 271645
306647 121441
271605 7276
193432 232401
125682 32071
494101 166604
370766 186303
326711 114594
405781 366689
194328 90062
339382 482904
407718 86894
112502 439458
183238 225140
128311 467661
276820 188704
67187 397676
203529 142342
166725 422727
335982 21694
199082 34860
240426 123893
43263 136254
114683 332155
478097 185333
198748 23518
477982 489063
488062 391426
306995 332453
153998 405745
342531 25865
402345 121844
75997 128773
320209 342365
322321 478242
206070 327793
24610 462961
288987 35655
224140 466306
187205 133332
48709 49079
231697 55817
38950 93412
397277 31963
359314 155297
212904 322383
121859 183780
224217 222903
342273 249128
121085 438801
351197 461273
333369 455432
468481 298402
284936 390566
290040 160689
158852 301881
98445 187608
74320 166155
495782 138210
263700 114422
63311 373645
58403 95471
258864 433406
137547 326528
468230 304292
259724 211961
75742 357017
454094 268843
83430 56041
292441 291272
126863 81950
260633 50353
182180 156816
484321 219424
242949 18635
52387 79362
92393 436152
451917 362184
122453 163059
156048 399511
438550 124429
20855 46183
7263 239124
333634 158668
352414 315714
252984 142183
226349 324579
217996 90484
223523 66267
85048 391382
474880 63595
12721 127120
213466 233105
376067 62732
315875 64351
107008 148252
119856 4952
328823 409026
64348 377277
117720 365088
343065 173942
54042 381886
193189 23231
301476 129116
64601 182123
423020 251474
424363 473113
436026 317896
327324 464566
180765 367381
135388 312029
93314 99561
411830 35316
293328 392127
347881 292419
214824 186656
435685 158212
362808 411986
406328 411107
403097 346929
441231 491440
436561 66231
383217 250981
414899 62830
90821 144178
21413 421148
205968 357385
15823 22553
473690 150830
