2018 3085
46 90
93 247
423 816
221 744
4901 5341
715 848
169 139
2630 9499
135 242
638001 916048
4102 5703
8669 84236
812 719
598 497
7704 1354
23 52
27831 19841
48235 81680
17 71
523 957
100 198
58 3
438 180
5250 1009
88985 21823
446 657
7579 2589
71 400
19 32
98 104
163 746
856 156
24689 18621
542 143
35921 68312
5177 2698
743 896
18177 27780
586 195
723 657
282 760
96 88
84669 25854
741 819
612 198
9729 3291
3214 2910
616 393
670 349
5845 8138
85525 58258
610 570
8225 4411
159 27
281 658
25604 52097
59038 77007
85921 55171
804 691
676142 238268
917 137
4222 3066
907 407
91419 3815
55 4
343 202
540011 430664
56406 11653
121 377
121 303
760493 238253
167 395
33395 63038
93 94
5 9
52 19
918 190
779 634
5 394
53 46
50 98
963 647
166 217
9258 5966
749963 509451
261 439
91 95
956 735
31 32
66 144
7125 9750
592 448
79 32
50735 89888
659 610
521 878
708 912
830 677
330 667
971 289
437351 124783
52 306
41103 49668
663 902
561 681
218 983
237 717
540 810
326 592
584 551
176 189
616 804
657 674
843 409
59 61
90 9
809 765
6113 5010
2685 92881
341 715
35 60
89912 94346
71623 49462
85373 19135
6826 6465
92943 89630
41575 23408
432 474
31 46
567547 770611
704 868
547 613
833 906
638 704
13203 67119
375 582
175 125
76892 20924
9443 7518
639 973
96 243
17923 34777
103 357
720 730
4 61
7129 5626
977 745
43 650
823209 970367
706 133
635297 596027
64073 43451
264 801
555 326
658 388
3196 9076
68 68
411485 754339
896201 301395
60 686
32527 11252
678 393
50235 8990
875 663
64 66
924 456
2130 8481
204 785
13 417
138 643
707 425
582 188
39 43
78 468
416 892
680 188
499 709
535 352
79773 66099
954 11
684 215
734 678
51251 74405
974 901
74 82
420 948
684 403
345 239
13 17
849 268
30191 46873
20556 87452
53488 23647
20 25
12485 87550
91 74
842 740
73124 22533
43 53
747 638
833 479
466 981
99 5
8567 3035
358 36
13 47
7 46
25735 64122
950 827
514677 344713
798 131
21805 43769
2355 3525
179 737
89516 63763
852 602
84160 48023
566 547
64462 92976
73814 96676
581 501
27719 81478
8058 8461
438 193
342 618
45 64
376 580
8045 4180
554 117
13683 67261
988 483
73 87
969 508
999 806
922 575
282139 274611
6818 4469
268 96
990 247
44 14
240 634
112 635
319 334
26 89
8680 2994
2127 80787
66999 7027
734 135
3589 4563
4988 9939
4358 5705
7976 1721
68228 38299
5469 8789
385 591
538 926
654 676
949495 972114
69698 19408
4721 6607
4279 8304
53 7
241 707
97121 6632
13 53
14120 18332
41163 57085
96 35
777 115
891 551
857 660
840 877
574 982
7592 9287
78 411
678 96
993 765
508 891
81275 95324
3391 6450
31934 11840
912465 381584
434 533
401 166
71573 47409
4652 3965
87502 60956
43 570
626 424
60549 11150
805 969
273 139
50547 3886
6111 7645
87970 57183
4173 5568
859 64
545020 589804
86675 85203
5 78
52370 17837
96 20
36 99
970 66
261044 771276
595 932
1392 18095
487568 140871
43 83
5 16
587 811
21 7
629 971
3457 8783
1278 7176
607 872
99367 69280
45 1
969 315
228068 422444
521 479
662 692
389 906
69 27
10012 61769
939 507
94 60
62244 80643
385 581
3232 9139
985 200
8871 6741
88 68
3360 7714
220 971
96911 74090
198 550
547 893
825 49
23 26
283 491
189 611
128 445
26930 27447
208 754
48 19
938 955
31585 58419
607 603
816 550
47326 85130
62 727
48 35
452972 398696
11 690
5654 7035
52926 54100
68 6
41068 99729
477 66
6826 6502
755 998
67621 55947
169 304
443 543
4195 6045
589 78
264 993
52600 98614
897513 941856
12 12
63 68
142 17
410 628
397 696
3739 9074
23 97
80777 5478
998 112
997 930
504 952
94052 63873
909347 676180
21850 78093
26 24
24824 7662
644 514
8185 1416
8437 6383
893 992
188 157
223360 202880
60078 25737
716156 373201
63 433
282 813
716 629
5220 8037
7063 4943
83745 53168
41516 40320
4346 8959
703355 645087
919 295
6922 6224
954 619
9519 7585
852328 507006
41639 48137
18849 60918
687 815
71189 66431
821 372
97 39
352 944
18 21
5573 5913
284 372
9017 9921
18 415
836 977
650 103
37 68
55654 28697
791 736
48842 42473
869 630
758 924
244 725
26 949
371 38
30216 98463
24161 77435
424 847
480974 656584
2562 4866
23236 6443
18572 70979
8952 6376
984 490
797 16
6956 3553
22501 59941
904 414
69 78
8630 9657
67674 79125
603276 364920
837 621
714 471
2174 5215
810 68
57 70
16514 56792
747 43
1915 5191
10 25
414 939
56393 57016
989 412
434 366
978 209
51432 85973
7704 3662
96 52
155718 624050
10 43
71 98
883 303
581 239
560 551
73245 49982
22 189
14 284
37469 33323
3858 98227
75862 39807
6882 7273
20583 33138
53 43
171 682
608 532
775709 874157
11158 70428
773 568
5710 3601
9775 5919
4981 6228
760 968
471 341
661242 169981
31 48
42 35
62208 35730
661 85
65 61
63031 81116
8073 96373
91 26
41 239
561 570
22 62
81848 47649
695 277
212 906
87291 85079
71618 97766
99 46
318717 733796
582 874
25 831
539 922
981 386
99280 93405
7589 4018
578 567
970 631
367 388
561 919
738 685
297 670
115491 209981
246 181
240 393
355 789
497 379
843 629
87542 19683
215 68
857 785
425 698
25280 14481
72 27
194 443
601 190
22235 91672
437131 390682
4775 4052
2520 3484
392 357
508 105
245 361
712 447
278 631
43245 12475
34481 25673
182 170
14 70
686 972
919 568
798 726
623 758
75396 14888
596 270
1 17
861 596
958738 817380
85880 66972
88 85
883 674
1383 3478
467 512
561 25
10747 90131
78027 52827
913 913
880 578
99543 93283
89 40
225 55
587 50
1940 6939
41 141
23046 31735
88178 34908
776 938
322 280
233 875
788 11
258 916
2050 2922
23421 38143
79 564
748237 268218
566 356
16 60
7134 4741
651 355
482 121
441 662
745 302
2977 8048
931 312
145 717
690 213
506 310
174 316
975915 239959
979 940
84 5
608 774
3929 6896
114 652
2096 2687
42338 53588
17658 97977
55 1
791 160
694 17
407 679
112301 996312
22005 55362
86007 5717
33 93
15229 53445
698 449
136 351
66774 94355
63950 7225
65032 10980
3 25
102 879
91 83
51429 17173
31 27
12816 50022
19109 5221
62183 39723
67756 93149
892381 844059
998 406
305 818
9774 7380
56840 59860
888 687
20 710
51962 73821
357 877
18945 41664
175 812
77651 25776
422412 309853
68 223
75056 10990
61638 73339
958 386
32290 34995
50334 1860
61 18
135 461
417417 392959
82 5
782 452
1323 6833
776 505
8377 4577
330 696
92898 79891
7301 6242
85179 2048
84605 8837
748 523
7387 9978
914 910
61474 93951
70453 44693
50 17
374 501
81479 10502
69413 50876
650 827
24003 66318
21 317
3554 2758
82443 96729
475 411
3511 4661
379 228
225 179
690 682
652 71
748 768
43706 26958
20 860
2894 6481
213 299
941 281
729 850
858752 327707
92863 67551
556 37
818 910
4035 8016
601 988
929 193
819 283
66082 29686
408 656
46057 75939
116 222
3736 4422
920 354
796 318
5269 5255
267 586
56343 62920
979 27
901 852
16550 80075
29581 40644
76945 78083
76802 75931
52 288
487 760
97 298
260 44
99497 22625
171 71
777 233
911 406
8211 5769
29048 98725
160 235
747762 508032
863442 176543
880 829
852 926
866 343
38181 58375
616 990
328 711
95 9
389 844
76639 54758
4001 7201
32433 27255
94488 78696
83 68
178 113
2004 2250
31 38
472015 451261
88025 71183
86523 79296
40068 52829
21 40
3328 4626
11 1
88082 14477
6805 4916
99977 70471
5293 3924
865 418
422 699
8583 58004
16 760
45 128
380 678
965 744
78827 46063
748 874
921 685
1 21
94623 38638
30042 70244
995970 806535
344 438
3076 2024
55988 10735
633 442
113 279
32 97
585 749
6219 3257
302052 191245
20819 44564
69 63
833 667
3934 4120
615 886
88742 21536
150 359
21 905
22 16
60488 26597
50 54
44574 56288
15 43
28185 71753
11671 91571
506 812
273 906
915 650
9896 7478
895 399
67907 46216
436 563
91 41
97653 31911
339 882
5246 9046
215 118
72 784
394 705
410 672
468433 298580
88006 95298
414 42
31428 53264
34509 63839
563 766
55 87
44768 82285
197 970
62 5
169 222
12076 86178
28859 87925
277 259
83309 98531
88175 73178
95 95
42 740
73180 97763
400 460
775 686
95270 27867
648635 850427
95378 37696
905 34
557 487
871 461
585 52
464 138
7573 3513
393025 874029
49 488
63495 75295
61324 50639
74960 67415
842 462
507 25
962 715
3835 3396
439 502
654 301
16 23
804 726
69215 65308
21398 26120
1365 5416
861 917
65 78
618 923
65706 58420
931 65
76288 18746
366 338
9171 9940
737 772
685 123
925 617
323 425
549 739
15 88
20878 51552
71315 85971
64675 82033
635 94
824 747
73 244
81748 99901
821 686
927 481
182 245
8383 8040
757 227
635 84
970 116
44 75
889 983
6465 5919
376 354
46 754
16 37
93863 73555
840 790
14 16
730 979
28486 74567
30 10
31319 79889
6775 99080
16132 98192
45 81
86142 23490
645 229
3125 2099
106 489
363 27
93401 25805
23588 22449
538 736
45484 55099
812 884
997 552
2353 84654
84556 37827
610198 671434
41207 82013
616 525
75760 71390
363 184
27071 20282
59 27
541 134
790 974
330 67
788 926
51074 46733
72 42
169 816
4710 4941
1774 4486
123 113
470 761
565 338
1594 6656
370 258
1171 3612
3128 8260
5026 27828
130 598
447 421
609842 323761
916 178
71189 28490
433 452
34 76
20067 77854
13697 51435
837 103
973 408
937 778
31 81
971 362
9095 1335
972709 415972
710 923
208 607
783 97
824 55
4806 3244
57 86
38 46
47447 46251
50 334
54776 25403
122 694
764126 363351
835 833
973 124
28546 67890
489 264
91819 92172
431 8
393 591
26 504
422 553
689 583
9075 2189
218 349
75869 73092
328 367
866 552
3 30
5 35
15 42
793 570
979 662
921 491
839 73
800987 578787
21114 37689
878 1654
8236 4683
11 559
213 661
2681 2913
850210 306046
811 247
7772 37077
24472 66857
77845 44120
634 624
805 437
48 77
993 536
794 162
556826 956035
63 43
658 319
79 111
5840 1723
752972 906152
457 727
51573 57943
6152 7790
6387 8712
594 606
2211 2016
370 560
17802 95777
2761 8109
90 37
5268 3267
1553 4042
21 547
35 98
84 524
69496 43148
64185 66754
600784 697769
408 13
58 58
894692 593385
33 30
74507 61671
76471 46936
63716 91276
889715 737557
76 90
960 256
335 706
61422 3143
357 901
39978 39675
961 782
48491 72156
681251 560913
54 39
710 957
2666 30385
413 619
47617 46135
207 538
5 44
7627 8926
757 441
92 302
54 39
336 281
60617 83132
451 521
16430 15578
124 450
33750 77483
489 945
94946 12618
95031 45609
75 79
