9614 1169
1942 4238
7735 5555
7355 472
1612 1396
4190 8396
2511 2741
5487 7175
3850 4201
1369 6513
1218 3725
3141 1615
4168 4304
1813 2678
9092 2433
6385 3835
286 8451
573 3889
9747 5243
1536 6741
6747 7494
8836 5149
4312 398
5136 7160
9821 8950
9001 6820
7535 3751
5887 4704
2090 1600
81 186
694 9857
4695 1282
777 5334
4337 124
2593 6300
7254 9039
5774 4073
2961 6620
9489 2512
9171 4622
3301 8272
563 4091
9899 5399
4765 601
5610 9261
5015 6132
3264 9610
8152 1627
4648 9045
5996 5196
128 18
1559 5947
5473 3654
6005 160
7076 3597
2035 7752
1349 8480
9729 1123
713 1262
1417 2460
2991 7855
430 2747
4388 8168
8978 8432
4605 801
3832 2961
5555 1656
5350 1079
7737 7702
1169 4015
5740 9885
5303 6867
2972 5637
2996 199
6411 3767
657 1864
9357 3458
7051 9050
752 5224
7234 7517
5707 5385
3725 5369
2768 1712
7670 6448
6117 4219
8040 6868
4607 6677
7575 6113
8235 8420
7259 4214
853 5850
354 4578
283 3101
1613 2292
2474 670
9029 7878
9582 5000
9671 3890
9006 4544
2041 1954
6982 5228
667 2377
3496 6440
7486 6854
4369 6717
8201 3802
6769 5159
2566 6020
3084 3736
4578 9377
7894 1286
3537 8961
535 9552
3974 6836
1437 1851
4618 600
976 8082
7846 785
7804 5845
2544 8540
5975 846
8414 3814
6723 3108
3151 7277
103 1470
9217 2270
4962 1077
23 7740
1136 7439
5941 9606
6154 2707
8055 7105
1809 257
8570 8027
5758 3965
8259 1650
9264 4387
514 5416
7594 6114
8113 9743
3664 9020
3797 7550
955 6485
9901 9635
5689 3351
1813 6745
2623 3276
5440 5792
376 2811
8574 1740
8285 9389
6209 7808
9837 7282
982 8064
2398 3575
3913 7618
2449 6651
7337 3332
1352 8635
1785 2578
1699 5789
7205 2804
5809 4261
6606 5119
1282 214
5464 9078
8241 7248
1173 1119
8554 7536
3168 6479
1997 8724
3768 2966
1705 4100
6446 9182
6523 3547
4375 5585
2955 4423
114 2970
9069 4762
6026 1146
1057 2245
3777 4905
6826 1788
1893 6742
5016 9167
5263 7629
6283 8811
9929 48
9550 9070
191 6
9311 5321
3024 8707
8178 713
6572 9839
4683 6899
9272 5648
8325 4008
6783 4764
6796 536
9681 266
1669 1862
9520 1060
857 7366
5174 7614
8730 3414
6219 2580
2455 4255
56 9320
6087 2986
1326 3232
8641 6038
9976 8212
9127 8613
953 658
1344 8021
878 6684
3800 1004
9142 4595
8047 6795
5540 8537
9716 7497
2389 8994
4879 7983
1114 1444
152 8716
7509 7817
5162 6009
380 6841
7488 5961
9307 9382
8754 3202
4895 3285
3166 8551
6737 9962
153 440
4922 8876
2548 2338
8231 313
5669 5974
2315 3317
8023 5371
708 6518
7990 9418
4827 9474
601 3154
4865 1594
1171 9433
1627 8418
2741 6984
4009 3
9310 3952
6116 6342
2316 9497
1692 63
6266 7316
8590 5657
3925 210
3314 9287
3322 3294
5793 5565
2403 9956
5750 7370
656 862
9411 5558
7883 8838
790 3761
3653 1605
6708 4328
4112 8210
2601 1761
5076 4817
7891 2690
641 602
179 5227
8423 6244
1535 9466
1659 2923
932 8478
584 5827
4498 9436
1796 2460
8295 9155
4556 8377
9394 964
8502 3166
5791 9340
9741 9180
888 3057
1977 4576
3135 4450
2001 2949
5019 2534
1169 3331
2968 2146
741 6139
4012 7407
283 1888
2301 2074
7045 5750
7528 3493
4643 9166
2077 4380
2060 485
673 9379
2743 7353
4348 7486
7209 8729
2366 6446
3911 1608
5469 9618
1583 3144
1868 155
4227 4257
8809 2317
8289 7274
401 6082
5227 7200
5212 4730
240 5871
3646 858
3077 8485
8852 3351
7099 3222
3569 1246
1783 1398
4148 6330
2869 6586
3538 2115
6884 2010
7467 9017
9261 2627
5939 8252
175 4283
4564 9141
540 7878
4933 2130
763 9521
4251 4001
599 9996
9221 3687
2247 5394
5721 2932
4671 8902
1422 6536
4918 9351
1133 8351
128 9878
3572 4228
1122 5092
7239 9391
9783 7804
5826 4125
4227 5228
1341 3169
563 6273
424 161
9531 2672
2750 9826
5189 1769
5751 527
4024 9603
1029 1047
7983 3221
8295 8146
8961 6112
1073 9364
8319 1608
1227 2684
4805 980
2394 8315
6178 4865
6655 874
1163 482
1708 2201
978 5777
4334 6810
478 4146
175 2623
3391 149
3818 1410
8286 1427
4979 9200
7586 2616
7738 6951
7409 2670
7896 3251
4334 852
142 8842
8714 8902
6506 2381
8432 9891
6695 9105
4666 3656
6274 8999
1541 3905
5986 5026
8975 902
7797 9870
7343 7338
5956 7985
8969 6753
4193 7430
6524 8122
2287 4883
1366 2573
9501 783
4494 3007
1527 4120
2039 3298
6462 8517
5761 816
6958 6382
5893 3742
954 9636
6010 6084
1603 9697
4784 3585
9448 5773
6337 9823
4436 4005
7794 1847
6448 859
5244 4215
8524 2481
9711 9771
685 3298
5823 5179
4364 1416
1589 1656
4983 6798
7080 7445
9684 739
4349 7327
3247 5005
841 4269
5863 3694
9610 981
5001 9659
8375 4359
7224 9990
2732 6059
518 8151
8570 306
6013 7368
8375 6245
5404 9353
7628 7994
5783 5218
822 5352
3044 2419
7358 7710
4947 4958
417 4160
1941 4583
7556 217
327 3556
7115 4073
9120 4795
3285 9284
6707 7909
9962 8781
201 618
3485 4673
9149 6356
435 2982
4765 5886
8977 9463
5350 9323
5279 5823
6583 2495
2938 4156
5232 1576
489 7744
9608 8927
2690 7833
210 3520
5081 7097
6970 4701
7212 1469
593 6686
1091 8614
4750 1777
2274 541
1040 3504
7990 7742
9543 4856
1658 3866
6165 5795
4933 8705
617 3552
8723 7373
6553 3783
4453 7576
1407 4336
3859 2945
9502 8323
7460 9577
2999 5223
3445 3288
6198 1942
9148 6239
730 3977
4837 7494
6349 9348
8445 9065
6346 5849
1410 9923
4247 9346
619 9068
4382 7970
3526 9969
4552 3640
4853 601
3741 4097
807 4691
5970 4158
2255 3015
3052 8695
9032 1621
7785 630
2328 2651
1543 4879
9828 9082
5346 4587
9750 2149
9542 5603
8569 5146
5133 8561
8467 4409
141 7550
2759 6062
1495 3314
9651 1950
3127 7718
1041 5257
4397 6224
140 340
6578 1396
7470 5141
3999 8606
726 957
1000 3831
765 3542
533 6461
5614 5430
6015 2598
1077 2107
4082 8848
8238 9367
9285 7972
3057 1211
3190 3268
5467 2303
7978 3239
4927 5880
6715 4268
1002 592
3410 2453
5549 400
5558 1252
1343 6837
2538 1734
2134 2201
7699 2020
6913 3262
3078 2121
5482 396
7077 3699
9631 8420
6435 6248
381 7371
954 2875
6721 2722
7872 5513
9610 90
3471 2619
6552 3685
8744 9893
258 1971
6266 8297
5408 4024
5232 5379
9890 2331
71 645
7649 921
9020 313
5676 3780
6753 6511
5842 2493
4935 126
5587 7235
5789 6609
7728 9114
1490 7420
9342 3290
6081 5133
1271 756
1288 1451
7569 8943
481 6405
7884 3090
6723 3857
1254 5359
4731 8440
7704 8544
1579 874
8978 1264
4029 4486
9857 8396
9280 2689
8225 8856
8172 9239
7122 9891
9772 6413
4580 1245
2953 7376
8535 9102
1563 8308
8001 3936
9003 385
5414 8218
5709 1582
6364 8661
8983 4683
3187 6287
5306 3716
9537 4235
6463 1251
7616 8465
2204 3588
3620 6584
694 9026
5310 9558
8079 9357
9774 302
943 3628
6048 7226
2861 1147
1550 8083
5421 5021
7211 4088
1524 1324
45 6617
9949 9440
3412 2167
8311 5760
3766 5315
2795 8708
787 4809
3496 1769
9500 6067
3502 4679
7913 6156
2579 8819
1721 2872
1194 6034
933 2497
8690 1435
309 1114
8884 8985
8540 6096
1946 2868
5155 8257
1231 4557
3589 2370
3607 5941
1847 1236
5582 1809
3835 1680
8625 2084
3690 4833
4674 4859
6722 9501
2110 350
4427 4958
421 9598
2676 8677
4424 2699
1690 3617
4407 6213
9909 7259
8475 9644
128 9318
2287 5557
5505 888
606 3752
6859 9736
7583 651
3233 4655
9778 7897
2239 8674
7061 7690
5216 1917
4636 3214
5424 6497
1564 475
7132 8107
9706 8209
8910 3069
2991 8931
2296 5960
6601 5328
3068 3881
4123 5143
1756 240
6671 5990
4117 173
3271 5856
5938 807
3919 7833
4256 5878
3714 110
1442 3998
5230 5912
3380 4515
6021 96
4768 1684
9159 4678
3166 7305
7199 5536
9685 8876
867 124
8128 2064
9009 3811
2026 5037
2435 6439
6914 4670
3761 2446
1206 9918
5004 4744
4221 2479
9438 999
2688 1880
8729 970
406 6916
7860 5617
8361 4714
6785 8773
1951 8307
4856 4436
9493 2981
2208 5512
9670 598
8906 735
1887 4763
9194 5547
3380 4580
391 4377
4570 6789
1359 5429
1759 1123
8086 6241
5006 5342
8278 9735
4829 9435
4758 8418
2532 5856
5998 7843
7098 8139
1119 5546
6693 8981
956 5963
7744 2419
6319 3333
4235 747
1237 4024
433 7835
8790 2261
7826 964
8527 9018
4763 319
1397 2519
7096 9913
1455 834
8173 2973
153 2921
3007 1081
39 6580
871 6058
7568 799
1940 1723
6753 1815
6614 4405
2923 9710
349 863
5476 9359
4709 4070
6343 9800
477 1489
7579 7718
6208 7229
955 601
849 7071
7026 5748
225 4950
5309 5930
2645 2916
5279 9461
4938 3827
8041 780
8714 1279
9198 9654
8983 9180
3873 5267
1997 9524
6218 6889
5105 8652
3220 9337
5640 1089
8452 6424
8487 6260
7369 3597
3713 7815
1380 2594
2467 7045
2475 2989
4059 701
1554 9418
9007 4880
2767 7885
3801 514
9045 1197
7606 6944
33 7310
9549 3109
3587 5708
3749 1733
1544 100
5272 296
5587 6002
2564 1992
8044 4485
3721 2643
3106 2982
4827 4553
7629 2016
2110 9388
6972 8344
7059 8050
3798 216
6790 2570
8173 2043
1227 6783
864 6011
277 3446
6746 2408
9518 333
4399 4636
6184 7069
7752 447
3992 5588
1168 4894
5778 2854
4478 2092
6565 9996
1020 2881
1949 7909
5987 7672
6981 9114
9663 3514
6735 5723
3216 2450
7246 950
246 6911
8198 9298
2039 5277
5912 5200
6516 8745
5778 9628
2994 1169
7191 7394
8389 4339
8635 9194
5774 1753
5944 2962
4445 6685
8500 3141
5124 1469
5336 9802
7415 2858
4502 3363
6971 2424
8582 7207
680 4215
6526 8441
7625 1279
9732 123
1247 5753
5200 9818
5112 2159
7441 3726
8262 584
4942 184
3032 763
8938 9288
4368 1392
7120 8403
9620 1494
3010 600
721 2176
6094 627
7861 5336
8265 4208
859 3342
1497 553
3936 8974
9783 5945
4177 7609
5374 6711
5242 7320
8839 4010
7376 2354
8850 4633
7449 5353
3888 9219
7807 3545
4113 4432
8759 1505
6047 5780
3660 7038
8459 8107
9520 2036
7409 2137
4715 9053
8713 599
8415 8777
5161 3091
5052 6603
5308 9796
1277 3611
9197 7718
1991 286
473 1892
7700 6624
9875 9003
5826 6813
779 8608
2978 1037
8673 179
4692 6717
5950 4160
7965 3818
8626 7537
3838 1945
1787 5427
5753 9275
2759 3884
6064 8538
5636 6734
4880 8885
8320 5697
4264 7981
8078 9257
4067 1997
2983 7779
2643 1503
6944 8125
3574 4149
2790 6571
3138 2075
9255 5767
9538 5653
2684 7490
2481 8801
7876 5809
9768 6833
7425 2589
8398 3278
7754 6822
2502 5724
8471 1339
8226 1792
7215 5551
5560 9888
4030 4312
6503 9762
36 4208
7955 7243
871 1709
2840 1905
9951 8935
1682 7275
7583 6033
7111 2486
304 5212
9958 1294
539 6119
5792 9967
1335 2718
1748 4500
1735 7533
6449 6962
4607 1176
2692 3277
1334 6885
2021 3578
1670 7362
2346 2952
3551 1907
8412 643
