545587 545118
981717 981729
735915 735243
503113 503105
925875 926537
399601 398774
440290 440609
208755 208320
383027 383580
796846 795897
999768 999541
495381 496128
598903 597960
857652 857591
952622 952843
620797 620001
176188 176006
195051 195350
363138 363506
261884 262323
117028 117744
191544 191710
616248 617015
390630 391270
121724 120956
531947 531808
279404 280203
846889 847018
345001 345074
700094 699779
481232 480459
814581 814780
242746 243379
537887 538679
453082 452996
336592 337021
15350 15153
280370 279452
572037 572860
156168 155461
161979 162275
966670 967413
538749 538709
27333 26993
96702 96481
409693 408902
224314 224089
577602 577482
26364 27052
664499 663901
735663 735940
389000 389320
806969 806995
974761 975602
243543 243153
312016 311732
635034 634063
496986 497496
252114 252704
109669 110011
587597 586952
527687 527884
416260 416263
202111 202484
592227 591887
788516 788502
924258 924437
237297 236715
658196 658698
302350 301884
480371 480563
565450 565436
68117 69034
634325 634387
557464 558070
520177 520188
929997 929922
698100 697332
922286 923140
94303 94706
372632 371843
964057 963654
374643 374349
833229 832556
682569 682882
273371 272649
626857 625933
528381 527886
15117 16097
283990 284082
203447 203453
245746 245727
261865 261899
84761 85043
985165 985261
380091 379729
153888 153487
948440 949181
938028 937976
841894 841408
668687 668722
899859 899958
208303 207785
267890 267580
272544 271981
106656 106736
700515 699688
90812 91281
521611 521784
951348 952032
566326 566741
62811 62883
449145 449038
64994 65325
339528 339732
813217 813993
655700 656665
824257 823612
219797 219629
3013 2949
525424 526118
989947 989618
312580 312089
427415 427921
239137 239165
656266 656777
470276 470213
922190 923101
196068 196639
679810 678810
644877 645375
575772 574874
264046 263487
416212 416648
659266 659220
890319 889833
643855 643924
884088 884624
146295 147144
641852 642502
572484 571533
578995 579265
522798 522401
967559 967149
61068 60332
482971 483728
908257 909051
757875 758219
684862 684950
432227 431503
439256 439819
687715 686760
603349 604259
70383 70894
715968 716860
295158 295967
988822 988370
635985 635933
278601 277956
707249 706884
758332 759136
609198 610130
377722 377536
208755 208531
677930 678492
812930 812453
83643 83351
345205 346041
198140 197550
815720 816326
522699 521948
711602 711148
677719 676969
896374 895837
294796 295722
311962 312362
948453 947596
493491 492805
358178 359107
916976 916612
735659 734854
326076 325693
68197 67245
566298 566557
974992 975368
624994 624844
925094 924241
311797 311109
707607 706624
699000 698640
303090 303940
492419 492796
953720 953184
463996 464261
811047 810737
678743 679608
964338 965178
836882 836299
36610 37063
966711 966411
333909 334456
783097 782482
337773 338118
64280 64447
254880 255112
953428 954152
358524 358236
475614 475700
344190 344929
817767 818684
172039 172195
862330 862970
70305 70157
960784 959971
858632 858683
284185 284172
496876 496555
298773 298072
604001 604644
354027 354358
221792 221825
971299 971364
993234 992670
193254 192938
68831 69399
612790 612559
926759 926977
81360 80758
939750 939145
877710 877213
659699 659775
22778 22899
810060 809510
867795 868101
57461 57410
307129 307190
629897 630506
350135 350349
985552 986064
641301 640877
692201 691525
31231 31559
257512 257491
159057 158622
600145 600274
829821 830129
244771 243912
884201 883495
808996 808295
628624 628547
64380 65148
991164 991125
830366 831184
874883 875699
262138 262172
520594 520038
22947 23610
956048 955929
612578 613366
285120 285996
235994 236102
51718 51027
576151 575256
898519 898333
235500 235374
440846 440930
469843 469703
796568 795937
655812 655835
483950 484174
891937 892377
121075 120373
419936 420515
880802 881306
914358 913579
938788 939607
537976 538798
42495 41846
244498 244361
274392 273574
365875 365949
131843 131982
667755 667174
752593 752013
333532 332656
769116 769178
690542 689760
577578 578372
450941 450793
590452 591150
708709 708739
693066 693668
160326 161150
891094 891272
11177 11533
751301 751281
685930 685739
999109 999038
880275 879386
692657 692763
68397 68982
842703 843232
689263 688863
409255 408644
169377 168841
360179 360795
952657 952534
656318 656577
545263 544852
306809 307448
741088 740607
943397 942984
671124 672094
716232 715992
318146 318279
629401 630184
457888 458519
394117 394458
972732 973150
264064 263366
119633 120170
541639 541286
982548 982982
585145 584284
404849 405156
622727 622944
651684 651242
965711 964994
912084 911220
571270 570928
89777 90376
502559 503306
464459 464804
883255 883661
786139 786171
55202 55604
812112 812193
571865 572555
318914 318042
848552 848680
810116 809721
365676 365704
524743 524861
173398 173447
855150 855088
465290 465632
613259 613693
661967 661181
592810 592373
534277 534651
708875 709507
834840 834096
412028 411716
37150 37738
589272 589585
976176 976057
98412 98243
672678 672110
387451 386790
517878 518652
495308 494809
980753 981452
585919 585815
558295 558702
358566 357692
260043 260931
697540 696970
850608 849800
925426 926289
509827 509835
852225 852520
499978 500942
427422 427811
379990 380469
202563 202399
987961 988457
137442 136799
766377 765812
562815 563773
323207 323593
328322 327982
869188 868668
46285 45768
612431 612227
859496 859218
306647 307111
651366 650473
245274 246262
378153 377259
248240 247773
743706 744495
307070 306536
40810 41782
835934 835279
597306 596342
411710 412372
530421 530583
988224 989133
339130 339511
586691 586168
969883 970218
670913 671493
628447 629293
44456 44925
220273 220857
275348 276302
711771 711424
958353 957544
186898 187146
623191 623837
36612 37067
930641 931332
42247 42194
687833 687269
718591 718636
948043 947989
182478 182619
955515 955440
674589 674435
813872 813245
461159 460942
858587 858250
956458 956258
343621 343218
41538 40886
956799 956867
94630 94748
868760 868937
511996 512142
132285 131552
36266 37131
244210 243305
974429 975295
191040 191019
841726 842478
693609 694077
307090 307765
380688 381673
802656 802301
750462 750849
863035 862041
746923 746039
360869 360661
922805 922389
406264 406849
428922 429073
864875 864215
174981 175469
440025 439342
290133 290446
640735 641147
315206 316057
847631 847318
188047 188611
48793 48312
386318 386396
326361 327297
473180 473751
783020 783742
704992 705096
996728 996210
90166 90911
727970 727187
464037 465004
316295 317176
48765 48310
527022 527720
917360 917477
880770 880748
926952 926697
44237 44506
487725 487913
596818 597371
959077 958199
29592 30244
467520 466915
106517 107394
423556 422856
392346 392044
937086 936970
82775 83701
756492 755931
298844 298686
768799 768252
913837 914063
991753 991681
436205 435217
181660 181643
602748 602790
698741 697953
697635 696731
868575 868351
410639 410503
952715 953091
983935 983699
274460 275222
165012 164446
332552 332039
76995 76067
440975 440947
983524 982946
110429 109638
366449 366408
965468 965085
396698 397189
873263 874142
191007 191165
807953 807047
970871 970525
813119 812252
688859 688923
389600 389670
978347 978615
177330 178274
153068 153021
331198 332056
962193 962875
476022 475588
508512 508977
601983 602254
144584 145047
43207 42681
487208 487095
46039 46708
516130 515305
622974 623909
486640 487610
906694 906431
994352 994492
812277 813055
183139 182456
889664 890205
897560 897923
450920 450045
555255 555437
924670 925197
713814 713327
428074 428986
961099 961933
256424 255887
558098 558830
380991 381209
82593 83286
401088 400099
36188 36127
546842 545980
265402 265384
433300 433804
924294 924181
775473 774657
155193 156093
553844 554576
651142 652074
345426 346078
432861 433427
227706 227922
477573 478000
262715 261908
246298 246222
131863 132571
880314 880801
391025 391205
245140 245327
547939 548814
765183 764545
710238 709681
952694 952035
98913 99407
917999 918471
561847 560923
840099 839238
641495 641033
134654 135629
433857 433309
371292 372267
170737 169825
758062 758901
240287 240918
465422 464709
788007 788428
683313 682659
961037 961953
193605 192764
199019 199133
173042 172161
204338 204941
943830 943147
592615 592948
927512 927035
296630 295824
356780 357373
707025 706977
547608 547433
63103 62840
88919 89037
736795 736453
872090 873009
389727 390326
867401 866931
500723 500928
729592 729301
893591 894318
334491 333535
965839 965317
979982 979597
236746 236735
342446 342656
223184 223990
271069 270465
752055 751571
97222 96389
620589 619702
599175 598960
176207 175642
396995 397497
418503 417653
846196 846936
23999 24829
418444 418079
997589 996913
784609 784069
612154 611543
649896 650568
495481 495482
182518 181959
226369 225483
822104 821985
750172 750095
914641 915042
861368 862223
305900 304953
73369 73784
908659 908879
976077 975854
907056 907820
640436 639737
491622 491672
405311 406216
903218 904160
411216 411225
200970 200254
782572 783176
904709 904492
657675 657393
588026 588578
43421 43829
46869 45971
111735 111606
347945 347349
730063 730934
249614 250051
783636 784245
132625 131945
148702 149448
561827 562431
132337 132749
535982 536369
509032 509884
75874 75056
895706 895568
972901 972659
451057 451242
543636 543152
240988 241882
836488 836279
245286 244602
792413 791693
91904 91317
273953 273593
438526 439224
885140 885794
341166 340572
537578 536975
559742 559430
691169 690488
183786 184515
657216 656579
499136 499962
202732 202060
766831 767327
123064 122780
293253 292943
485344 484709
977075 976645
407010 406583
66407 66064
637733 638489
257348 257734
349333 348496
718007 718441
908655 908677
938792 938298
47348 47800
888220 888648
308939 308822
90707 91485
406447 406358
525511 526466
211331 211770
17041 16362
546559 545991
602767 603627
706854 706187
458756 459491
21024 21045
102468 102094
39318 40123
272674 271795
634416 635310
219109 218838
372936 372053
559969 560636
521211 521008
274064 273434
547617 548383
782890 782855
842269 843034
922945 923492
263589 264054
887932 886941
856287 856025
80796 81721
915377 914495
873755 874365
589564 589569
417477 417557
403461 402693
146738 147131
37992 38776
62120 61889
688929 688665
938050 937088
912330 911589
84983 85048
610026 609036
914908 915547
252002 251818
145735 144772
129944 129477
260752 260356
552153 551350
636741 635988
408944 409149
709621 710194
145449 144717
64381 63798
992390 992759
375606 376484
197068 196972
4991 4130
666999 666076
306051 305409
125813 125302
187230 187103
581897 582600
563947 564293
684825 684527
376688 375947
633393 634112
830563 831558
406139 405173
275079 274456
459437 459454
676057 675120
455143 454359
442058 442189
839849 840418
277522 278017
564618 565322
890669 890953
944151 943846
576021 575652
183081 182264
656321 657024
458304 457809
747966 748713
562218 562328
525037 524714
121746 121127
919502 920053
590302 591147
123066 122729
570263 570277
991069 991238
457185 456687
192906 192908
204915 205346
673801 673599
418257 418338
403940 403193
296003 295333
188680 188922
319486 319350
12439 13180
3670 3401
922845 923420
704965 704744
514999 514621
30515 30412
494748 494443
8243 8227
419237 420169
680018 680586
590491 590928
169287 168573
882611 883085
823536 824086
292301 292085
303226 302427
226431 226416
877231 878067
535373 535349
2987 3178
20680 20019
246 635
51011 51722
278326 278620
668049 667222
436651 437441
119241 118454
907801 907445
102988 102652
327546 328431
37207 37785
288693 289657
450995 451617
865026 865970
597179 597994
854324 854830
117718 117081
355002 354287
274348 274548
623316 624046
49573 50018
524116 523983
114547 113704
528304 528714
891816 892376
404304 404411
218278 217938
627689 627804
726809 726092
299434 299549
37996 38275
178758 179715
716589 716847
316819 316257
770915 771040
642629 641990
304482 304588
767212 767688
399325 399003
525926 526400
470849 470983
332443 332426
640124 640317
630330 630684
735608 735404
53523 53607
395243 396182
407243 408220
997891 998823
107508 108373
173219 172222
963751 962755
271268 270860
505606 505386
813912 814249
78127 78272
438034 439020
921307 922215
774039 774326
242485 241588
561760 561514
834654 833985
159932 160684
894670 894759
675723 675491
181560 180569
442421 442246
881782 882332
258819 258103
585920 585486
996574 997534
938150 938104
131065 131161
605615 605893
58306 58552
467175 467705
106638 105657
72534 71654
98297 98974
204490 204116
318099 318887
350614 351143
859853 859987
479684 479639
97207 97183
906937 907379
981999 982563
862279 862923
255317 255106
426598 427598
250057 249470
19942 20555
698411 698939
828827 828053
472233 471265
214782 215710
351617 351010
741531 741565
612400 613378
739467 739965
247414 247426
11572 11278
72087 72649
653347 653622
621438 622118
811931 811423
615152 615865
579911 580410
469445 470017
677293 677398
930804 930681
616683 616076
463308 463049
886623 886443
740732 740273
654999 654423
812875 812990
699112 699991
496407 495464
674054 673725
168818 167987
876142 875819
324698 324792
542332 542218
588722 587725
189992 189490
845144 845793
826033 825298
656565 655584
811773 811470
779834 780763
87337 86739
14611 14904
618293 618210
879976 880184
823882 823680
441673 441579
779786 779469
220913 221492
298333 297538
478112 478494
522050 522993
615443 615348
378488 377594
707382 708171
170913 171362
995889 995246
34514 34183
222407 222260
483360 483385
655652 656377
528102 527742
585041 584615
368821 368257
715136 714768
898643 899164
495692 496303
962495 962358
24594 25159
402278 401387
97156 96474
993433 993801
704483 705351
830519 830663
106139 106009
899256 899627
57373 57770
679151 679430
673210 673791
655057 655600
176614 175698
680480 681225
989787 989478
89274 90188
278885 278510
968946 968731
15840 15855
640299 640236
456117 456961
612734 612032
778088 778675
689884 690059
928709 928013
414142 414761
32096 31619
250801 250772
62205 61330
