31 73
879 47924
1 666
3 7988
8 80
2613 4304
710 17158
34 100
12 26
1 27634
10 120
1337 45486
5229 24092
358 55002
14 65
1491 8125
2802 6854
4 49
99 582
14 866
64 4537
10 16
630 46502
6 30106
12 59
24 1506
338 34439
502 64898
35829 61138
78 798
905 61610
46 376
99 143
58 595
96 369
31 1007
143 866
29853 50768
19902 63591
39 58
9791 35641
16 37
56099 24096
455 65224
761 2906
4 27
71 2239
221 67845
535 5227
364 68739
591 26551
44 448
18 273
248 2386
8145 61969
16 626
53 312
13 135
6819 60397
6 12992
70 198
8 36
63 212
78 362
6 9
10777 42768
875 5332
2 473
95 985
30 8
194 2770
16 256
64 503
9 10
45 39
98 652
20204 55732
15 420
10 1
4 105
38 546
6 4201
65 598
705 25551
7 13
18 155
49 466
15 40
14 84
59608 55774
54306 5177
5 71
5401 20445
6286 53017
7358 21712
10 70
84 1092
4763 66634
874 2878
19 91
1 166
27 8
1 2927
58 114
594 5361
19 8
30 16
3 2918
1420 2968
4 64
37 831
15133 20974
13 71
2 1
6 71
59 204
11 15
40 33
4 111
2724 13651
33230 70319
30300 2231
30777 60125
959 67697
7 22
1 119
4650 414
7026 2013
89 118
51 525
11258 24512
8667 2411
554 49566
43 404
3 22
1 800
12 28
626 642
9 1843
5975 1446
221 59912
55 5306
14 90
4357 39305
99 593
10117 31581
3 26940
902 812
6892 8672
7 42
3121 60241
54 28
2 4
534 21728
6 12
7 35007
6925 2602
16 311
1906 15974
21 592
866 55828
29 926
78 550
7 17
7468 20521
22 211
12 745
1719 21935
8 10
1015 51826
29 33030
48 241
1 167
84 49
7012 15253
877 1238
6 11
8193 4711
28038 76300
10 95
2 56
959 2034
10 11
7 21039
339 5937
37720 51497
18789 53360
136 736
135 490
85 268
616 37046
2 26
632 52904
799 12640
4 20
7392 4108
7 21
3 13
1655 1978
1 7290
4748 3623
18 57
763 1030
709 5904
10762 55753
8622 4558
556 42222
44 1428
153 44857
8304 7440
800 767
22 44
2 40
1 4
606 59944
32 493
8700 26972
371 5837
2858 14834
13 1
77 290
435 4712
7 152
523 19365
4885 16814
7128 36180
78 671
82 166
8 13
20 98
3 51
151 63378
3837 26721
91 353
151 30102
7822 5732
6 2
3511 33929
14 38
97 64504
38676 38519
10 3
4 154
251 2736
1365 12495
59 1653
7 16715
10061 7451
742 11848
4788 17502
29 472
29330 77294
472 18821
80 2631
81 114
9 48383
829 8394
1 1
44 1234
12 25
1 19
846 3663
11 350
1291 35056
556 16386
16 722
7 12
14 315
130 1199
8 6
15 43
5961 3068
708 3567
8 44
891 22624
4 52
41 979
5 8
52 387
45 340
5 13
15 255
29 16672
8664 37948
14544 36855
82 553
64 1360
380 15357
88 754
27 284
5 47940
82 450
7468 111
328 5774
96 137
8029 69799
10588 46298
647 5091
13 1164
32 952
2 214
1 51
55 593
331 18633
28 180
54 423
6901 197
2705 3600
5 66
2417 54600
19 289
4 21
141 1150
84 516
79 60
83 849
1 152
6029 20252
870 57596
711 38173
126 16220
2 4
611 16393
525 5362
621 61563
26 135
12091 57323
94 929
1024 12723
518 2794
179 1957
28342 6356
90 229
2903 40313
3348 13947
13 12
30634 27867
3 46
9154 14258
96 140
19 15
39 930
9 13
63 77
47 74
485 4193
843 49329
13 46
7128 12173
11 74
4 14784
9802 9010
532 15358
487 6857
4255 29755
616 2538
7298 18878
13 192
75 264
10 5
51 328
365 52452
30 135
43584 47601
21 754
9322 33226
15 57
2 59
2964 22921
1688 36527
220 30642
12 43
5371 59475
27 1318
14 25
5980 46036
9 59
13 64
9 1930
9 7
9 17
865 11138
319 24492
99 721
1978 39947
79 329
36 507
69 480
324 59678
4 6979
11 52
5 3
69 469
35 271
1 16
16 168
14 38
4535 3084
5 16
100 465
1887 20634
8 166
83 806
653 242
92 807
61 913
11 36
6 8
9 601
1 496
6103 4429
18 737
10 39
10 3
4606 32320
722 17775
863 5707
27 420
11 5
9 3
37 321
25 548
12 198
5 17
90 255
14287 51537
63 174
636 34989
26839 4822
8414 10561
9 14
6637 19892
59370 29833
19 344
7 65
32538 15204
7448 31035
29417 47760
51 1184
97 686
7923 20364
13 252
6 17
9 21
31 296
113 2137
10 686
382 9611
10 240
10 11267
3 23
2 86
6 137
946 62603
81 257
88 582
59 206
1 48652
3 25
56 873
1323 57014
4782 5780
1161 41730
3 165
19314 19196
10 76
82 1111
12 127
65 106
30114 4944
19 795
44 640
4 51
213 33318
27783 74098
14 491
11 30912
4979 8543
8271 40563
84 700
44 851
6 23
4 35300
7585 31870
4 41516
18 133
353 3155
8 36
3 887
16880 29199
8604 14687
828 53586
77 462
15 1384
29723 45512
2872 26143
54 431
25 16
61 1182
87 234
2660 1937
139 1255
7 33
10622 51178
9159 23055
1198 34728
3 13
105 558
28 144
40 544
125 1185
40 717
6852 7847
56894 13616
26362 13650
97 324
32 360
66 802
88 949
3425 53895
4 10
46 344
5 13
21 87
4 168
845 57318
17 2681
980 50958
706 2190
716 5309
7 167
986 66663
854 30580
14 54
52 175
16 503
80 516
4 11
9 34084
48 9
79 507
5 33911
3359 18618
22305 57657
38 2899
47 109
114 1281
4105 44614
10 48
54 234
521 3195
21 149
1402 40518
4 23581
41 595
1671 42464
15135 16426
11892 40651
1 42655
2 15
5 24971
16188 31122
3590 12972
1161 12111
10 15
535 38475
495 2424
8 18
3 15
28840 24040
18 131
2607 14897
146 939
5322 29685
9 1
27 595
16 259
213 63444
57 129
1927 11227
14 22
29393 13062
58 625
9241 76053
5181 11293
13 14
3 27
6262 2740
17 26
28 460
21194 33226
3 129
5 79
5 52
7 1
78 54550
128 23653
28 471
5 5
7016 45220
6 36
601 3119
4 31618
9 118
4 3
10717 20583
3 18009
7306 1171
2 120
8963 20318
53 895
11 832
52 2848
11 30
1235 71749
89 6772
8960 7257
10703 9724
820 5495
8 193
7 2
2745 2757
2867 16865
792 39941
60 98
35310 45564
44086 51900
721 47393
54 35777
14 38
904 28009
16767 56304
22 87
10 6
86 400
3115 5261
73 454
6 12
3 49
7453 60471
1 264
43920 2371
20 23
17 30
17 11
21 363
6 11
18 104
9809 13862
1174 1879
31 953
20 31
21952 25773
8 40
38 237
14 24
75 510
35124 53763
847 3880
35 123
58 372
15 48
37 17
15861 11558
7 14
76 111
67 807
8 574
147 1056
62 558
36577 1115
290 3736
19 795
28 344
6 2122
81 713
71 284
8439 2435
65 482
4551 119
9 15
93 589
5783 9806
1 747
6 81
3 3
6439 9143
4736 7178
58 575
31 97
82 244
1 16
98 606
96 784
177 68884
7 31
2397 43662
26 207
11 105
281 54504
35 183
80 1188
52 1195
7 10
4 49140
93 2640
69 68084
6 96
141 288
1 1000
26502 49489
1 145
970 2989
13 43
8 482
117 910
1549 43686
14 68
15 255
71 164
19 150
76 124
92 43
778 52005
25557 20176
11 493
271 42954
4 79
6 16
25385 43935
33329 37489
9 159
32924 48262
857 5345
748 47896
4 24577
837 10538
24363 4758
7 22904
82 95
5 2656
84 1218
5294 6257
52 1488
2681 3833
10 28
618 1926
27 1546
6126 42308
12 152
72 366
5 14
564 3430
13 21
5 53
40 275
8777 5590
19 89
67 963
27699 59822
6 8
8410 30159
66 762
33 773
195 28804
12 77
4 5
12 2545
60 606
63793 71173
5230 3514
1481 56510
25 150
10 384
786 14308
81 990
34 567
1 586
5 21392
94 304
178 31090
29830 43713
861 6532
6712 7514
51 50805
7817 28366
3 53
37 101
2619 4476
944 764
59 183
3 12552
96 18
8 132
61 457
2 43240
85 1271
71 1309
21 358
5298 30880
10 45970
80 300
1219 28806
3838 18316
5 126
7473 4497
79 280
25325 25446
18 159
16 79
1 32
61 283
83 111
1 36
4685 56007
29 178
417 31625
62 186
4 508
4 19
802 500
75 296
12 88
94 521
416 17477
13054 74765
146 1020
807 29506
79 550
10 288
40975 22985
2554 52912
65 1939
8 663
17 376
3 18
11 101
8 2
741 1365
7 26
85 356
10 20
18900 42173
3 43022
35 448
418 44102
8249 775
3 511
311 22438
7 40849
51 534
38 12633
594 56011
6 259
8554 35575
908 5803
870 5440
88 596
68 27314
1 32254
884 34957
227 53401
25438 65200
19897 14418
4159 10436
72 874
41921 36293
553 4190
29 604
418 23551
47 44
9689 16812
6444 27639
8 118
6 48
952 206
3 107
51 686
14 26
55116 76253
87 529
3 30724
17 22
5 63
9598 629
44 145
11 59
8388 55458
4328 19762
42978 3145
9 56
20 4
965 10992
60 144
9 742
22 77
8 1155
8 128
9 7
248 1707
28 1703
80 158
14728 12441
42 843
1 30
9 303
1374 47081
3 65
5402 55588
9109 15956
28 15
6 40
58 691
883 55483
15 65
5 1233
5 45
15 108
609 73905
36 233
58 726
955 4329
24 631
371 15133
6 80
656 5127
11 111
3502 19225
27968 48803
5 764
65 929
2 41
36545 74986
824 24856
1679 18928
275 69422
58 321
813 243
3 342
8 28
8 34
71 20
866 28575
9 19794
5 12
613 23080
519 5831
550 53658
6769 10809
13 13
4 5612
3732 20708
764 16802
25738 34259
7 25
84 1911
44 88
48770 21308
35 1149
31 699
627 37051
26 869
2600 30372
602 7397
74 593
29 801
80 540
852 38415
885 1612
992 39128
1400 17398
7 1292
39 483
14 74
1 29
938 54181
1819 51947
6 2
11 16
14 48
62 248
65 1196
8 257
4 7
2851 11143
4 6
130 1381
2 43
12 267
310 69683
736 48766
4 704
7 136
6 8
53 2712
38 217
12 11
21 800
243 2312
63 1061
