266862 378057
977495 140392
486991 683855
835733 303468
576876 734181
973695 930753
657123 221659
687917 678615
382601 285997
627688 587052
586157 615561
744546 574737
437436 597746
856331 243743
412194 634697
122900 103738
790998 508898
998743 190226
347493 282106
972980 261144
619078 276538
515423 736193
569276 108232
903844 151369
345053 51972
284873 833607
892060 931854
561050 89460
895226 321147
800054 137896
149651 826522
777378 55064
965631 974166
170792 367816
861148 492126
941552 771646
766745 837322
126241 726936
200580 807345
965667 869434
75594 508688
853337 523956
543840 83741
801443 627189
507238 527218
591510 472076
516964 416144
582255 646403
154061 190497
957889 97481
655976 537433
711999 326542
803326 357939
449277 690561
484256 614044
94290 204135
886390 649513
115916 182173
901894 435543
224921 919579
582948 175284
820312 385087
927411 825410
147201 925315
719541 362593
923779 698730
480894 59971
489917 73280
317783 759286
200585 418556
497935 337775
139854 118092
781155 926673
557599 538722
540744 366257
497578 151532
987886 439293
234937 357279
338863 188012
375890 571428
93075 814787
578643 95985
194447 213571
500190 779809
854340 423348
73448 240480
632203 829419
749620 110884
537041 181232
822153 90747
555478 368337
329538 702620
203775 586212
91563 103837
830274 324787
121067 890582
623131 600401
869103 267274
302666 771309
933402 115161
776875 844139
146301 808680
594998 962636
237161 689545
159021 324909
900197 411988
656048 673977
836609 900111
486124 594114
658908 190210
431739 338916
186203 723846
597545 720669
791548 195016
172711 902800
842217 525936
694631 611283
820664 806755
79594 237626
478577 313608
874993 357214
730961 53167
796868 251956
822706 102818
82179 837975
814153 165163
168955 825962
912466 369208
142062 933352
101451 296367
445104 187836
410326 509429
663632 831866
928524 578585
704568 633384
338209 67577
162941 257511
805997 131308
770018 565499
373310 660863
141318 807388
75851 676965
969783 257706
234437 653340
846853 784223
146316 878083
519497 529357
680086 495148
755359 903998
285973 74671
70687 986883
982558 846789
523448 965579
70957 589243
649715 822406
148795 809677
717563 387317
658061 197832
274590 119616
421608 248832
571335 868081
882553 719732
597327 696018
184205 135430
845984 173257
277685 410493
851500 165420
950654 179016
891139 381037
898143 278509
79525 872439
913213 952959
297631 698108
666716 629349
610709 235669
767203 929862
703889 129167
280580 270144
494259 976610
810620 763961
742285 689319
168247 897541
173844 940986
385278 716597
379081 733240
139414 527390
123003 581023
758298 672875
718336 110328
324918 407372
76486 847863
908193 728957
432862 172031
897188 264027
759816 570426
992726 260591
699697 684012
502674 892381
744721 717452
915453 439160
802443 588894
560895 56590
185797 480727
266572 574580
681448 690630
239744 138956
377901 805284
163477 907942
751886 282010
687191 152803
370184 81921
645707 460225
170254 391418
833315 62830
463703 554993
390690 574663
340405 151298
462366 370883
338150 242902
772213 162401
706318 640760
904212 338060
835254 182439
66494 997424
894082 889333
509724 257826
458606 124259
934478 208951
297252 505090
641351 246356
469179 814053
866481 419337
715049 998718
842693 429985
593357 506489
462970 74871
832255 756467
412218 654653
780629 530843
271313 728998
926231 571010
488572 240910
562781 590055
908710 947397
724455 815857
383098 354838
320864 290388
703044 166700
758164 515746
721433 500100
989245 858894
846788 796148
850565 967340
147434 468580
372397 230221
377002 666911
370844 385070
772920 852428
261447 473592
930358 69476
409742 474100
875109 173368
362307 250995
909165 759519
563985 478261
300248 541821
779494 711748
524538 309259
258182 50825
367863 403841
800653 966482
713715 827050
838618 375927
893087 79410
484884 81540
305821 272248
835841 395973
643415 271371
301579 582870
480275 866221
445460 189962
536620 416270
122051 54069
56439 149820
402284 937367
974006 163257
581739 650264
282155 838557
708942 749729
673025 104402
753124 769854
65323 233937
874475 753532
628282 524833
205544 196044
569799 806314
995678 67782
520875 592816
696985 934173
217700 394364
2053 22587
28167 48331
13286 35839
20751 25196
48401 20630
28950 37417
32465 37540
7266 16032
18462 32131
11840 45155
4285 24808
12466 41688
23361 37547
21880 43879
21304 34681
18139 21323
7647 14053
45282 48723
32860 44108
29031 12467
5998 33608
22018 605
46220 25110
12011 41103
43929 35534
1231 18819
22354 1216
3149 23622
33062 30091
48003 24890
32982 46128
43902 7421
3864 1278
24071 24570
37527 23097
9746 29068
25433 33126
30549 46794
44772 7756
43515 1261
19046 4494
32008 9046
22527 24512
7497 45472
44022 37322
29351 37428
26377 44705
30810 3299
2108 37159
28090 20460
40614 4351
21363 10727
15847 19593
5343 4033
11437 8886
17008 12450
8071 7647
44658 26226
17694 9687
18636 42750
44888 25478
37076 24572
25898 23405
18838 24940
41091 28983
37955 13971
12462 49837
30330 44358
43482 29675
12274 47738
45629 5920
38330 40300
6211 43874
3081 17862
46954 35577
6472 27454
9367 41208
13790 12354
18017 8452
15905 9140
43698 16902
24312 30524
42566 30240
29208 21447
30506 14632
2530 25174
35049 30760
37050 4827
48929 23389
40116 7881
47921 32194
24122 33814
11710 23410
16603 30107
6570 14290
16919 49038
28117 6901
47467 38302
18066 892
39655 34953
28726 18263
32680 32119
15294 30806
21135 43678
42786 22735
44457 42215
14077 13700
15121 3878
18812 10823
11637 6502
21821 15735
12500 25544
12284 5365
35996 30407
46896 21724
31426 10016
13955 28877
38354 49329
31897 6345
42805 6101
9828 8569
38437 6842
19590 9560
4063 9830
43998 33268
9655 20726
47099 30416
25622 40816
44897 1249
47727 18184
18037 38209
3398 34176
35392 30940
49234 9745
1210 18775
38760 33455
8825 31250
6976 45341
37677 13418
20372 21419
2368 21681
28276 4331
26436 15742
6720 25290
16325 22626
10200 13961
18429 49777
35400 17382
33603 22612
15695 32369
48647 25993
25486 7541
32219 36361
42621 7055
23686 45875
1507 9590
17068 14375
40749 29937
5464 14996
500 8674
36207 39308
13795 23114
41094 15886
46834 8651
1939 3635
28763 24001
30889 45548
24509 40425
6747 31506
18268 24590
37419 28578
30060 48417
22036 28469
49929 44672
2556 12415
38423 802
23399 23478
47627 37652
45475 16262
11576 10071
18986 228
20456 41237
24558 24547
20164 10796
38464 34751
37031 29262
47822 5772
33038 4215
7770 43681
18800 12596
23149 6421
7646 47014
45409 41195
30884 18944
39433 13903
28526 33603
33014 48034
19349 26420
16475 46516
13592 1275
35433 46909
34954 14097
14733 35629
41496 38285
20402 42234
13279 11780
5672 30989
29897 24811
44610 29834
42132 18176
28818 33674
3964 276
9281 49740
46030 28283
46380 27953
25728 41827
26066 2692
18763 29719
7088 48496
3503 45134
34304 21479
26244 36462
17123 17996
46416 8107
34348 9963
41293 10067
29665 8795
10987 9423
1111 31418
5240 30671
42255 22534
14682 22283
47479 43380
30784 37439
12457 47226
23135 19846
36909 27307
36938 28658
7312 35766
40863 1346
18654 44368
14842 20946
2905 34736
30961 2181
26043 37279
3975 29289
6554 19081
32900 3588
14491 45098
7234 46145
48729 18572
27657 33109
19259 16584
25492 32580
41137 38230
26513 1321
41746 7256
37670 32941
24859 48274
13711 44715
24027 2918
5378 36051
19293 25869
19527 36415
12032 43002
353 48186
6593 28122
18740 11019
33508 6467
40017 46054
41256 47866
34132 43193
38850 4996
3836 47062
23990 40602
26706 25293
15028 896
6487 47142
31667 701
3314 713
48253 24850
16149 17230
36258 33509
35763 29944
49547 35386
43105 35406
39567 580
4667 14571
31830 39682
24898 18204
46525 4114
38583 46026
2667 10271
4043 1267
4736 49967
23346 16367
28942 33106
18039 32931
35205 30819
40793 1351
4669 29182
24206 49197
24440 13482
49991 44396
47417 31817
24579 30988
34487 17939
26671 622
3940 3141
7659 5099
39455 35279
5897 24228
26966 10341
25209 23965
42810 45945
28847 48349
25070 14073
37218 16308
15801 3492
23287 44212
24501 48162
22462 7108
45631 7162
44042 9285
23357 37564
19643 45276
13746 12387
19521 17951
40881 11227
20659 2611
1521 10125
45176 34746
27341 33772
4841 26942
34148 32360
21514 38252
42326 40765
25397 39585
43381 28793
7461 49907
21782 4702
13386 6512
19950 44623
46304 31123
32897 22591
34171 15859
12513 44898
15364 43936
25095 20107
39836 49133
17989 9461
25041 43789
11867 37926
31684 40801
22794 8799
34167 41772
41945 9834
38096 12381
37479 44156
36259 38016
33490 27954
23002 34698
48673 27845
32621 41533
18165 40203
38985 42543
45232 31897
10418 44899
23454 5902
44461 9188
44939 48952
35760 2587
2368 4277
520 38174
851 11079
45284 42405
35083 47650
44193 49742
2162 1036
43250 28914
4081 49934
4647 8614
27032 48410
26746 9933
16709 10146
34932 22141
1862 44987
10073 48092
7558 22547
42008 37755
5391 12841
34754 5149
16078 49406
27633 33612
8616 42170
17925 379
8856 22068
24116 38562
7697 23907
1952 43245
13016 44660
16596 14250
27336 7937
17834 49123
11015 29452
19872 9107
10883 33629
20379 4851
27820 22867
47099 13586
31989 22658
46615 20467
26457 18756
38956 4301
28050 18425
7681 41201
38446 42041
48901 44784
21604 21676
23285 392
20978 35697
1533 34360
37905 20030
36420 20745
12771 24366
29659 43966
2406 14374
12045 17487
1848 20087
24029 37495
26516 42947
46487 25562
19183 286
17304 21396
49337 49019
5041 47832
37431 13436
9047 39787
40415 16161
3499 38452
35422 13869
25485 15423
40403 209
11993 31615
44888 22458
16845 47932
34988 30380
14093 26286
15905 18947
24116 4006
8746 28320
41651 17666
15246 4121
16545 3333
45126 22285
8190 21254
40949 970
43495 39876
20569 4492
18677 47589
10953 38745
41703 23798
19305 16290
1222 18993
15490 40858
26635 46602
34044 46517
43001 4564
6066 43615
25483 3356
48766 2587
16139 48702
22656 336
14905 10167
46883 1818
40762 38529
1138 48941
6440 46293
13401 12247
2925 34630
35391 39972
25216 22459
38172 26877
979 33301
49399 30019
4412 44518
35973 39026
34567 15752
19237 18456
48926 30680
41992 22524
33560 6689
38871 20371
49868 17246
43530 30404
38280 12596
15031 17203
21388 45739
24468 1447
2454 35067
972 12725
18122 47911
33264 9994
7346 45533
11413 4726
35644 23118
18625 718
14753 44203
27864 31578
20785 34694
11521 11151
10233 28442
4501 39634
47621 31821
30570 5523
48599 40765
23815 27206
34371 48265
32719 9540
17183 321
6556 40521
43236 44580
30000 49675
279 15506
18411 47806
32251 44515
16297 11217
497 8616
21507 40396
43728 24383
28381 49875
30181 14333
20133 23261
26244 1070
47147 28549
4736 6424
18338 13678
15463 25466
31678 1541
10160 47058
31786 16274
9787 32301
20694 34497
47598 27911
6877 4340
40470 8322
31407 39871
44093 18793
37326 6574
19925 5044
1932 48296
43163 42340
36322 26159
38822 16284
14098 8134
24804 35336
20716 41469
25355 22717
49330 46407
20050 22270
2725 26758
20378 24953
26076 7081
10051 36587
15863 49218
6294 3139
6089 33872
14996 4667
33661 23191
20730 27471
24413 28423
31887 24146
37438 17030
30744 14707
39238 28261
1689 3590
16002 17169
6122 38384
37463 14347
43490 34852
36400 22475
24526 44602
27535 2733
26581 25048
35850 6716
35738 1774
48987 24008
10655 21826
18464 39182
31106 26497
31019 22695
13374 13655
16332 10091
5464 22712
32827 11782
16157 11142
43465 36522
20155 32688
7826 28850
39421 9868
440631 586978
838588 688982
794285 726838
909830 906847
568860 914373
240792 254027
747003 32407
551968 316415
310452 334921
370424 850657
310370 431352
90814 277655
804520 357734
474668 478973
650515 918935
415281 355877
934291 197449
32245 475869
661982 779635
196552 608163
265654 964901
993197 929862
538713 423564
381203 305544
810182 716062
817964 591063
891297 644864
80006 552876
224650 295592
328050 714633
273913 486518
892148 233023
903941 304584
155034 777540
745639 98156
762253 444703
515646 539568
888766 322560
110463 750994
761889 898177
191455 899218
220951 535899
366937 669202
535231 145029
367274 770431
415716 66426
364029 104906
656045 214537
890300 782607
447923 587180
730238 527355
140007 683831
735829 851841
939416 24571
72846 876193
556429 203958
37969 227922
653102 930903
620520 508474
685671 111588
345115 400051
25943 129450
561639 833025
825533 566491
247060 523724
199549 32764
640935 715136
788090 223170
598520 20572
543487 966135
765194 774047
469117 372575
246894 217094
866321 884062
131861 187893
390545 698355
245399 388623
483333 9470
964682 694379
381509 176521
38161 662415
231517 310548
484676 942908
656823 787067
910592 894211
303596 214840
48586 739705
929383 999424
178695 97986
577908 777370
907545 365079
659152 556223
209939 725798
964120 788540
97154 957074
329595 254479
491421 582905
953628 669697
430700 631089
669464 799220
