478988 658464
165302 545890
430626 655253
726349 961308
611268 365365
460318 738080
766495 992029
93174 572750
961885 49205
917711 907959
391148 657900
779786 700226
729895 337711
860186 862514
463070 501305
354151 352243
982004 720750
732419 787426
412192 309399
868199 256137
248175 326557
166561 656113
716990 450839
333464 93942
569143 433212
437090 919072
517026 42484
978555 588579
165536 276225
714903 299282
460462 395318
928119 456749
309418 313330
107148 254408
620867 603284
281065 413956
472201 235981
773091 589751
459213 926174
224162 623382
151346 536935
778637 511771
271794 387332
84302 764884
481250 203575
421983 579716
114430 581861
226781 650778
486496 489477
385116 228647
471263 703515
213194 904254
391442 216827
706658 369465
630698 568529
385467 506894
294741 272139
336198 965921
178061 541304
837324 191325
133001 934607
610522 343110
550101 53740
691219 812002
340569 181309
916990 337215
883132 473322
675712 703744
158533 389542
60956 622818
981156 974710
24219 860772
632671 161740
895050 538151
883583 922910
235190 282087
659261 777358
322255 497922
827077 895804
350471 970975
55849 762531
115945 286435
229371 919385
84505 26957
859201 246453
198446 709552
850084 567389
881129 921522
636563 270083
798324 674380
37017 125626
141274 923407
490674 60533
653140 366777
797371 416926
830717 617705
965355 397712
75129 563321
118621 996357
648262 46493
427140 777475
557621 373724
775796 840886
242128 267070
106155 64325
367041 239896
601924 356662
677224 992935
995216 798855
13195 350461
778005 576919
581981 607924
506559 559309
900924 117830
206415 943314
942687 59760
938790 112756
420437 32990
245894 938259
32378 815939
794441 546932
777850 399253
52509 96551
738468 597809
759297 341628
177038 68468
337086 843744
367918 908547
215526 978017
721347 787352
370313 191488
693497 356166
121858 290078
182176 335811
642983 226345
336359 761787
442897 319996
324476 357949
962500 329901
265312 15095
683839 773370
108819 485957
797663 216259
255538 149544
319246 206574
69596 633303
233544 788002
207001 435972
110674 247018
932774 240989
621629 279613
987811 262149
728568 115779
337008 137164
92508 432976
548964 59510
132423 949691
415704 270139
291001 554486
457750 173819
125893 702307
702755 600991
508591 714139
637788 856495
79990 672585
167527 538168
295945 177170
340628 951534
484970 806014
83585 791483
149269 620051
768766 614241
436249 255910
811401 309634
916178 129666
800724 659821
563376 552149
831004 20398
471783 92314
585911 441922
866574 385298
837516 251696
832143 485922
463957 832384
19026 965147
148579 409688
409947 527956
669158 631198
412363 389597
380649 139497
243128 719979
39025 988386
342733 951323
746407 274346
143580 102371
998149 582009
74019 645295
138923 669246
159466 39466
786920 334163
805532 223916
171663 262765
625463 149760
592591 520856
890125 59490
178139 526646
785839 15250
603758 204710
938486 986532
125415 690112
785139 782444
949844 771913
618613 840139
173580 240585
514552 56858
295612 664090
1595 43151
385763 609866
586678 467264
528905 513965
623868 975773
562372 417046
942415 344011
406810 597632
553830 587319
417000 790388
983462 586918
421085 235253
221255 601483
918605 458837
332567 103727
964385 204490
897856 488495
318311 713916
441997 14995
998451 995172
274211 558453
744017 868104
73069 442370
753086 125902
924583 318000
613231 386548
434679 323125
579326 461229
287852 177738
404588 636846
435606 412212
21685 968499
40198 318631
174405 833116
56344 614487
183331 975767
955877 180363
925136 353699
186360 350903
444409 351192
427164 114643
518134 665763
840980 499391
677119 263673
19799 694029
176286 625382
755964 247353
795264 486677
384574 960833
620016 4613
827996 145841
808283 466049
551092 516374
999351 857693
870052 948206
929435 995213
171949 693331
665412 75059
192109 914999
310568 39822
728636 194529
612315 759991
587619 754227
532177 552759
404047 132464
771081 476815
589269 650819
506047 48197
439341 189441
544776 772572
73148 504155
616246 649271
723539 640884
497841 797289
676303 183235
819115 669742
922974 441301
280222 30596
678260 244235
507581 105864
368602 355457
123359 598113
828546 901568
544668 8657
393781 78608
778362 609344
816142 110304
567603 846569
308527 485955
224666 90790
966402 446141
368645 231330
589407 458552
482467 739499
402653 452725
869693 562974
340093 860036
524953 304892
920508 492285
302348 345256
240838 970692
215071 345881
821125 203850
142369 869941
967916 936375
540074 49894
677613 672050
989827 906022
879246 181516
859444 993698
94756 190271
171677 328175
59957 258009
694120 941836
903773 437484
452627 755581
226683 328503
554189 851105
834566 161994
668666 313660
227671 26110
31289 926805
171040 669724
754132 164399
607896 880065
901454 921792
646284 494047
963522 591797
798972 88542
605649 886205
406771 721302
439940 136139
319392 576222
992866 52507
927771 872112
653013 688559
419675 778002
820633 171858
503192 519179
911205 454718
985325 684173
359933 34933
827541 210945
547925 425188
274052 926497
671555 856789
307433 567421
222264 743579
406498 280436
920118 298167
615359 542708
221908 64008
976352 794293
149623 11530
998306 290387
877035 642079
22886 895167
565009 119797
755112 207132
454943 160013
646478 73643
67559 364574
683394 776245
700958 908534
401522 723374
193921 205933
599590 565079
998865 938775
327338 967796
821195 166959
34484 109492
7284 265113
377155 427875
316675 741880
109897 354581
888520 767124
719875 742128
421926 173406
100239 277344
574227 597801
824856 133554
661621 749553
542679 9589
347385 607191
210923 700632
34080 772068
509494 132250
954020 585561
779149 245062
662555 519374
529990 926797
937878 571889
452751 129721
628068 130575
949620 806308
97950 359681
461600 417691
688918 652514
947238 74130
248978 622848
226392 745459
184188 669752
772387 100855
185841 592213
893340 387849
605844 209100
919284 460234
640555 495336
366472 654846
896771 568579
515321 178334
461401 963568
492204 353363
178754 471540
520870 175648
147707 835867
380473 79418
949212 677615
648945 411935
477230 16354
422115 831201
155602 148279
101823 981554
670683 716815
639767 922871
816015 321439
563347 254411
475747 167546
354381 964955
856904 870554
162863 725572
69214 518504
227804 308277
408026 602527
835536 914623
535181 996922
934534 73916
821612 415800
635565 672747
992191 57323
309317 147949
315332 243522
283580 225971
233157 188731
511304 412047
450738 529349
333652 664902
258472 673328
689818 356270
968790 428816
555873 778645
303534 290004
343143 760907
349068 694064
934621 987785
402650 66471
970849 968314
391284 399476
290362 385301
540415 196330
848851 964464
159925 733240
270295 631200
296083 825223
469878 517461
773079 747088
900129 208588
51365 285657
990645 733884
58223 647477
930780 304129
940504 123397
646005 73162
803610 213472
423934 74776
985840 910447
393601 549016
264844 229944
29037 29138
999547 378541
929822 949175
9984 43497
10309 227966
255245 244828
358369 290800
432053 21900
51076 638928
867499 340237
181474 888671
654981 668360
957134 831246
307319 816288
186097 868262
224965 632658
489435 409355
138154 281149
80207 432610
183943 166374
677620 788441
451409 387099
137173 978981
611589 428785
128169 11314
397189 905090
842440 383838
612348 530818
926986 154099
444918 127911
608443 446759
596832 68382
927797 363340
475732 49828
681664 802916
378421 991607
527773 706045
810435 308615
868713 299672
401412 117164
786984 169005
873982 596091
774371 860660
1888 606093
592391 684392
319235 34287
308646 558408
157888 923426
170859 70492
233889 53605
796995 446770
680025 607576
850719 509007
709869 283982
587919 191991
542 231104
206475 21767
935386 347792
755329 133437
435168 109938
85369 660958
614373 62805
660773 584186
559965 584457
10994 668764
477080 776466
610680 461169
542545 423161
479707 276181
668688 652168
943991 650573
121381 575574
215561 920259
415432 782482
700209 52249
878024 190895
818807 489726
730723 764838
771266 734977
836045 93416
840108 240126
940252 781342
341197 155785
203708 854611
685757 3218
766804 968872
254756 140424
81271 719769
934757 426413
689334 467393
621712 145028
539331 224072
999247 309384
663490 977067
435711 377585
386421 574605
977018 950838
565487 876700
878420 161793
542213 190905
463086 654969
748681 433229
194217 156826
906204 772196
704687 855159
824008 381441
668194 739414
268721 50439
972518 194366
172582 326669
154216 287133
894177 28185
696391 194886
299272 47844
916671 344417
386726 82834
442394 603422
837653 32295
846610 37333
376232 649093
886472 692532
353572 199762
776898 589602
539712 743202
118731 749347
991318 468427
749642 125186
904485 815614
842873 292873
581513 277785
418613 304288
934237 444238
37670 300056
735333 931822
613935 568702
939936 902669
179375 862826
128274 740852
290210 884949
158417 542192
32397 26887
7665 253996
381461 267582
726836 464623
745882 204736
97580 855580
979176 327287
810956 792770
873805 489855
606829 169802
712731 564070
503209 709862
143909 764415
912590 75001
436235 391287
841142 785978
78925 506279
834117 78173
831368 719107
994518 109769
459776 270138
401250 501093
598117 608995
681829 514823
160493 394296
638791 307796
821983 990159
91518 517440
962587 17934
174078 280778
714636 696776
580676 445185
183579 447429
257986 390701
463289 635091
969346 825112
895342 514339
579693 300495
758590 555519
107194 777070
817083 433932
636014 847025
830349 414816
591169 420703
269704 729991
782241 806666
367121 683795
665385 660279
636198 925927
455684 885556
487948 917388
544774 358039
622503 946765
329948 848018
49707 942286
807812 733869
287570 510098
929143 21190
201338 274750
940978 726666
853689 939248
496445 310736
674757 288129
811173 221252
159453 10323
309397 709041
20932 613274
100939 881178
751699 150680
839624 690906
631132 953075
28089 691629
135064 116921
606099 875515
360062 540939
506518 715105
364829 869659
790989 302925
8423 125813
610267 773414
398470 411819
338685 580211
200949 826675
912545 678426
522465 565301
316168 858012
119282 74623
181714 200880
935585 626024
594341 587847
362986 224120
87411 891902
739799 384030
74416 727229
420525 364059
211749 962967
450181 213380
200496 174189
658444 475190
556731 779854
962253 670908
251264 814033
456044 813152
521396 279748
643580 992549
98628 895638
325245 43552
625000 201110
915385 726534
120754 96068
953922 288546
396582 14771
254258 868907
954399 640810
379523 983728
561208 277964
301300 408762
527978 943241
562935 401046
920032 920051
59010 330030
779755 645190
269643 804510
119125 438491
410241 140501
747763 408179
857970 306815
112930 762628
333790 384128
696660 282977
51992 457631
886587 403989
561651 911242
927668 575104
144932 449027
522808 526571
212941 39548
231962 760852
34561 218241
190775 481814
12666 470489
159496 397226
781976 950987
278610 233607
334646 108757
660310 719183
935398 392144
854132 617526
670654 4894
15390 580619
778745 340113
898089 539230
422552 826274
343970 535048
103239 548588
942738 292722
594322 806657
58892 581820
211836 654070
313580 975297
377127 508333
585900 212480
253105 178199
339983 864618
26992 614985
832429 260671
843728 591135
222356 471748
82322 420692
582326 389428
96205 938130
384217 496886
52786 411856
498803 912510
854329 574358
508764 173754
747022 405623
844705 329759
883354 296514
791260 827108
542561 739236
313334 736825
724088 828674
644116 808444
375896 226187
681093 812659
184082 579694
328031 196296
912835 632104
399849 6629
399139 382722
62529 19438
128678 295510
22175 468163
170244 623247
575621 134942
663930 534330
17689 941112
241577 343125
146813 157613
159939 522539
920072 503350
927348 531452
210883 459016
516737 400385
791705 627486
700265 896370
659520 737485
895879 407922
525002 341635
279861 250700
472011 6775
905858 101124
582539 923572
364826 214197
75427 651353
805202 962715
961781 11730
446869 660815
150698 160289
466093 49033
819789 74929
450491 153939
330306 317188
110335 648872
609620 274367
840706 301982
841 798841
447496 475516
295804 166101
767770 904146
695580 189933
229018 855193
639545 706849
531047 337802
259297 797285
133755 251913
65651 123632
588123 892553
771843 901007
181294 351960
594632 503910
287920 211871
801156 102034
375392 318068
404866 658566
786762 158923
283481 381671
535414 865628
396666 951737
850631 895817
517819 949285
462512 93443
318388 205413
121290 73567
263641 561450
313452 730570
283667 167877
763482 564837
247080 883219
40761 536448
896728 711564
970412 888993
119164 828807
738382 426848
559047 525552
120765 169910
795739 417823
37722 778142
522979 757022
602994 688026
973935 85092
256931 866832
998326 404101
198116 349588
956120 207783
851977 909634
509046 531229
77728 140447
34784 242466
793345 508537
242343 283105
361701 708614
341126 464032
439924 934121
116487 496878
461 588736
686956 580552
667964 898738
168316 703815
211778 224211
299543 190701
244904 770055
116984 22775
421634 936570
638416 97112
588745 421950
390389 988583
782025 513532
811399 950596
219103 991342
7047 28530
701657 227993
123405 351843
394799 761499
645541 553337
269935 886162
902437 240807
680715 326228
894431 535048
873864 335403
39924 234838
976602 970774
939484 729730
656001 81068
785023 769612
191895 968100
251613 740304
760691 71283
567450 136909
483878 132457
950422 316474
170898 663368
162877 95269
449832 838777
496666 754294
755468 243129
890432 580862
674964 125542
690798 161225
262736 758918
137896 482938
167142 222041
915123 193640
586312 508437
895692 856312
659710 567656
335211 595602
456090 672126
975725 111593
840684 437734
801302 816398
756698 884401
515152 39108
30906 479229
479790 562325
813653 7475
623230 71990
393821 847419
688082 808237
202935 918721
147287 555111
115543 594104
970963 176931
975606 30434
763146 702235
176517 60861
325203 271854
970378 827631
90781 321475
317513 681243
334058 407266
621248 552726
758862 290137
709656 172
7857 155307