790 239
602 639
952 1851
1745 433
2396 414
2240 1586
2364 583
4431 83
1534 2241
5547 7031
2097 3710
10971 7456
5036 11369
5032 8522
7705 1537
9613 8118
10635 10160
8363 13129
16265 11782
678 8069
3236 7815
19366 17820
7305 16722
20171 20857
1179 8338
7949 21038
3415 5873
10405 11817
4266 27151
12198 14198
20495 2939
24270 24780
8044 14122
28849 29678
26513 23421
30357 3417
26671 12776
12404 2554
14836 19108
31571 8552
2160 19558
9465 4685
3999 32735
35321 24630
38687 22877
9762 4474
5441 35245
32451 35828
38998 3471
24052 23755
25109 15126
13895 42983
46162 49295
9224 2210
15811 23691
8786 52055
25791 2451
3616 48306
24848 54719
1830 46806
30667 31918
39223 60248
31042 36088
61824 15634
54300 29783
864 35919
54826 40007
52414 46479
33287 65658
6578 36928
8778 582
61456 5986
50939 65538
63543 48202
52547 14906
34532 48134
50384 32026
68990 71285
14256 54216
63155 46735
18621 18689
53307 64687
48953 21057
53986 45930
66731 79623
72471 28162
60094 39467
73642 14776
20712 1994
66801 49774
78246 89399
36831 68464
81862 17175
1754 62656
54080 33544
2288 30274
63825 77804
78523 18733
791 65861
64911 93539
75529 25619
92665 83937
28170 95170
5687 94999
50940 95254
87433 81106
11003 28521
89497 53664
52991 29064
44014 64169
1400 93753
15053 26388
76496 59350
80183 77845
105020 5992
92685 14886
45658 113450
97308 19902
42552 96035
38376 5173
105166 21048
44088 94428
78946 69826
41070 58888
15943 35820
14598 10409
25340 36454
112617 116856
89752 65534
38006 42404
62641 92816
8768 25410
122401 74002
8379 31643
14403 25057
24997 113504
133510 26425
66874 39303
107277 120617
51789 77147
121408 101760
75743 106215
70623 119316
105294 39727
110889 116220
16417 122471
37440 125853
51953 36683
97767 84290
130570 9074
89489 149698
134217 4948
54566 3042
22479 40806
151978 122721
39824 87111
34083 47726
98162 46892
10697 150919
90660 110273
151255 24007
154779 60016
54150 40716
115190 18565
8481 161243
62630 132847
38114 162783
12763 39610
73259 112356
104439 146096
166838 118271
46425 36277
43601 28239
132047 27193
144162 130148
101544 102019
82930 155762
126288 120011
109968 6341
110047 59942
156660 64078
126643 18672
178341 101060
420 147351
67681 73590
142278 123075
146330 184041
22510 117980
132440 45068
172257 121423
91165 53501
177770 175254
18439 184096
130242 112757
137396 179860
64342 150943
23766 72597
90069 18663
105711 138022
66069 136493
179965 62612
179462 199386
112269 14185
38724 79616
190876 7317
152894 26482
131516 50024
157697 137247
166582 78708
5450 181310
135145 115495
97732 201787
100974 210813
190359 201783
9755 120855
84007 194101
39829 148858
203740 184487
8356 175915
137001 8283
207782 84256
16236 18950
16669 44250
79432 123038
59598 50934
188554 70088
129813 101448
204780 163376
2322 6667
39714 108136
16755 227274
194599 211021
74250 90386
67662 112044
25766 206675
217171 46929
210984 1589
150281 75550
234039 188584
59368 79417
12589 65809
64872 240867
27467 26394
94380 15083
58574 104179
222893 177843
148548 141663
60204 201234
133651 224678
240944 185952
16339 56589
158225 79629
42590 101875
201030 244574
134534 33188
165404 77094
178609 18933
188111 231640
71696 221770
107363 89376
215238 58993
12922 106680
91403 24043
204435 59869
31016 118674
176305 251494
141628 171628
231413 155317
52932 227491
105993 129537
166461 162395
219080 256729
34404 217859
147175 71761
253320 140838
146933 69576
183001 182036
30900 273270
10875 225659
208724 240445
252736 228614
108527 236082
90707 168032
78817 4218
115598 163037
64253 131280
53694 101566
155674 27106
116652 273833
189219 252939
28445 141794
247237 268570
29076 31277
150610 289468
179852 64266
276454 76246
130648 22608
28627 290594
157995 1197
10787 293340
276411 205999
169146 70320
282288 149718
202980 119017
242784 150310
142050 290879
291692 181708
141756 81329
127775 162492
295492 184320
167646 168361
20074 120652
156530 38552
94186 6299
95410 134177
166864 63947
22805 20281
240089 138644
173300 179999
292088 240156
75223 308292
222114 314417
24923 174274
315605 254645
174021 319723
25441 34466
267798 289995
286315 253751
92841 281793
69990 295875
326025 254086
53128 260355
220021 215249
60007 299875
197727 293017
273414 68003
48798 50526
147097 90517
117059 156742
168225 162955
231950 167987
55316 120157
221218 108029
63714 320701
130132 149474
141391 98651
319953 220178
267932 320292
147366 274041
103129 83287
300648 198751
217657 84317
311053 92904
16430 336625
58974 350521
262951 317980
136078 169540
288682 36600
2969 303932
329479 226005
66094 273052
12463 28445
324919 26686
67248 131636
293343 199499
185089 72805
184867 204769
70156 12652
361357 44474
192746 39417
291817 95177
348450 227860
58043 295583
281136 57023
193795 126029
267524 96063
97923 170185
312019 65089
351477 249306
91705 246919
42394 269722
133857 201053
192605 89162
70947 302073
220410 171269
261374 131920
349263 293539
234365 82477
214445 11592
360928 315944
131305 286469
238154 996
129663 260307
241539 249653
77384 273826
91705 280814
341016 202671
271623 19622
284733 149732
116970 105514
399848 222035
233967 131105
192171 138577
173685 17721
139576 50535
317978 366850
338966 271489
379451 186546
248264 249251
259215 199172
343266 398933
120910 338274
267212 73324
178958 70716
175256 121026
362862 120948
344512 321410
248949 414556
291951 91157
224206 4252
324639 201576
70107 23600
233017 372056
301753 75872
399906 28751
26821 342435
6851 12865
397474 263482
342909 240598
99825 78619
306568 389332
265147 18076
324321 54206
253036 359913
181532 307498
170913 429413
62126 376651
20640 255950
35570 377541
46056 142880
404353 205643
112710 187138
3724 150559
328121 68168
282887 83526
61168 330126
21944 392075
181480 431026
158357 163066
232169 228483
25526 126433
160659 218995
168102 251448
145014 41372
391847 325279
196764 71633
10595 281715
422303 230669
20306 113012
272028 217859
365329 312054
257333 275750
64212 378364
275022 447079
379397 294723
401619 4794
422238 24622
230158 434769
73333 247690
27908 266464
141102 289499
49914 304501
26995 227751
179318 91043
355569 182735
19927 198295
56703 354190
48432 30546
215261 208699
49480 166385
197202 343418
236974 115447
314195 204790
208293 299315
426839 476506
408391 390573
48570 89723
99883 24989
447813 41372
251939 421854
342350 186783
296280 341347
325477 105126
8059 219147
204805 17265
4040 36212
254378 336441
469395 90575
27279 174222
16488 69912
284907 184482
369931 222557
207558 341184
436912 288302
445975 247718
5691 257407
345195 226380
219361 367778
100006 382354
283927 362201
270678 356568
446788 142145
251877 155928
270891 471930
169715 112059
367714 62782
350161 41972
358076 101470
167892 408177
454877 401062
267378 511434
384458 121005
175547 196387
234495 517366
419460 236243
434618 245194
294946 319722
255099 513917
498563 376618
469370 165953
278279 385432
326892 280713
19678 147141
213312 215438
293417 285054
55550 31501
298268 64705
261261 107411
86836 527044
356868 2560
192302 508105
441676 25886
348894 188858
212463 111474
246116 492206
250934 441322
458128 175733
542818 316756
152908 200034
49639 162955
228568 429351
4491 119292
16667 136806
317277 114147
70918 309271
84803 517366
465420 513950
556736 388601
495651 459379
262053 451890
201798 421068
99637 523462
155669 112514
551922 517087
37108 459169
444158 402087
368202 241998
419624 474957
312190 295627
203834 206555
83945 342679
125579 85070
264614 315725
277138 419022
300400 235820
165537 287272
188894 168543
245915 202929
407376 111549
360614 250677
321268 104459
526868 556177
413139 99081
171833 399455
342649 407945
19299 191689
220814 28844
131219 259677
379634 132611
296726 397682
473794 455082
575697 6039
117036 394959
417503 359112
229276 365447
323869 378117
501371 414428
455347 211770
310019 535210
429347 385467
377177 548207
168571 178493
195598 409760
310265 233944
531644 323526
465947 520146
420506 64851
29322 36655
461064 95941
471623 527485
400972 162178
425785 115800
555725 250610
312519 591260
377874 376541
66592 535405
528009 507114
569253 460469
118705 460505
406852 504807
614234 575376
118269 46814
70133 579627
82400 248704
273804 100219
178664 93734
342730 467594
443052 529910
75381 50053
265677 343977
347762 441308
78073 146548
531577 581971
440488 82553
60438 293492
393678 501402
234174 317592
258166 375389
247574 516316
506351 152348
554642 340902
145138 71525
488690 627597
257237 69534
446227 42343
604796 641782
213767 275165
270292 47148
216829 576457
137969 522140
324679 524304
378302 10970
486128 39884
239262 449392
503607 239799
210032 452777
434779 394413
568449 232199
262758 427907
617884 474418
149842 488329
186786 205164
549252 306263
584617 259724
161591 431704
48912 585196
206647 488533
167235 269552
315321 604053
590852 107416
364268 456959
161732 483035
422968 158207
257319 176578
63094 443109
306870 252434
323009 391491
344757 531245
434777 669067
2662 284825
462085 541856
392687 637359
443187 512749
549435 570405
127607 48040
643111 644333
642194 32928
256596 589773
92069 432368
478083 427257
463450 222926
2065 598852
284883 250899
121313 372585
139891 632574
181983 689021
49790 541313
255418 293017
102557 385085
359619 164601
253146 501994
536593 601577
617277 525223
632061 268449
616145 670027
122112 539568
359698 205109
71738 355586
238543 371816
184964 115937
570026 127102
164282 327848
393346 23304
430767 407257
429936 25460
41312 626700
687279 272277
227658 388275
474782 603250
264059 716765
357998 154191
613274 498975
33669 504637
672031 396681
324834 70492
634088 452476
230483 114014
227662 152229
82349 373272
10981 63746
91400 12900
240481 232746
354881 263289
432009 202321
252796 355300
562670 591258
185998 409106
680929 133933
423469 181559
668283 659091
587722 315219
263108 85453
96266 284320
587296 731525
636378 462264
456807 308353
222964 572941
389182 616856
510129 339345
43661 225733
290550 249104
605508 541080
331952 590792
146341 41870
423279 179090
282485 322168
45609 52660
467089 143953
157331 59825
110325 57308
158720 174632
676451 240805
204106 195020
402600 267705
74540 281601
34422 558026
194663 706476
711244 745256
108511 20674
371840 134108
328917 377846
215609 304061
371969 389530
137897 226547
81815 745715
752821 372639
660558 67299
619122 775723
257788 745348
164620 337304
345265 720110
526296 779077
636026 320443
419907 485571
44936 165620
349695 41380
672714 399590
371997 147358
773288 464926
233315 655693
561530 311165
256451 497706
675798 570845
604867 742358
467421 749600
749339 409942
766166 437714
653980 71163
686516 737179
172178 773443
513187 756010
616985 799624
129309 14953
451433 694124
626967 793345
170121 29407
623568 445020
391054 492311
55624 676064
583346 580152
209849 603575
574423 790895
39558 368854
522615 784673
25232 609862
158937 560785
214111 123533
588734 422442
393117 190294
200459 264187
414043 227613
157099 670344
328519 499233
189652 310308
304561 18455
700973 489739
735858 74744
310901 690171
513994 323555
69191 318500
52983 342591
429542 113488
722628 487656
119898 44478
135886 397292
58961 707681
417228 688369
370235 535614
768937 611572
22702 797912
92001 429282
780734 664272
319427 460557
773343 755082
649644 584842
653420 44462
501615 460135
499254 620450
27514 629625
590457 775478
460673 721207
165713 372178
481638 543420
280163 804608
97168 749451
595844 585242
433943 462718
154516 432012
774029 686402
31452 212779
445117 820432
310064 447642
284579 319978
512153 754613
225215 362082
685186 293399
740790 287077
582574 10585
601569 407591
339310 92998
189851 495206
599792 674287
496812 393527
843313 34274
761545 29093
224999 775820
701815 827053
134270 103673
747762 109255
406209 503466
311439 366622
61235 67960
398510 444102
654422 529209
195756 746542
744729 291825
285049 846455
49262 416266
472459 666471
130869 732790
748773 81268
236231 447228
136750 103039
731069 272455
728842 696679
327915 776753
391449 238712
126377 526532
163638 420000
879303 375819
236410 484786
651523 412769
298269 519605
40247 74593
51096 295372
160919 882074
231252 366393
585960 165786
428367 707307
886628 615435
121945 658630
164377 94369
158595 500336
536067 583810
402777 426912
651619 213445
758767 496643
464666 751645
896033 678253
512447 724969
637386 779988
454215 45723
287834 859015
220350 300363
422937 50138
520781 44041
226916 107863
668597 555310
345371 478880
601864 682412
256513 760520
208789 313759
19132 761022
372594 379327
224147 424605
698670 354612
504719 87366
810929 22521
184321 905082
260757 21651
251575 902427
505227 761849
889833 298848
475650 323533
276908 757554
676108 739531
937705 145896
756588 115969
786417 504343
126617 454977
775682 914654
805177 184600
549164 328865
97295 745995
705573 579321
228386 656359
878260 206314
704320 362192
332264 850447
436976 532658
240309 624633
840431 653922
274755 95723
943588 760355
773621 557638
786853 228603
102236 408214
895573 413926
448247 511115
621421 284006
5344 536444
733343 182676
121611 930935
3665 149041
253221 263794
587860 290519
528463 677277
833506 459468
800994 25577
722761 858973
872529 616549
505654 550689
790352 225736
802643 405927
5911 417240
282728 759824
607277 75883
609322 483749
652815 234986
734666 264581
411141 576155
60771 755460
59536 594210
453165 415123
324969 820274
778521 795999
841341 594962
235552 202959
529774 672955
118453 182764