40 41
8 9
5 3
9 12
19 27
9 7
50 46
9 21
9 1
15 5
17 1
36 50
46 63
23 18
11 18
18 25
13 22
18 26
34 15
29 61
29 19
11 34
26 18
41 43
47 64
44 5
25 9
29 1
42 6
40 17
8 23
9 4
39 66
4 9
33 65
14 18
41 47
1 48
31 7
42 86
49 20
17 14
43 41
9 7
28 34
21 22
34 7
23 53
15 125
39 85
7 16
15 20
25 119
8 16
25 36
27 82
13 22
16 15
49 20
34 37
7 17
13 120
17 34
36 18
11 3
3 18
49 99
50 147
9 1
34 107
45 85
10 144
36 51
22 84
4 53
29 46
47 163
17 66
43 114
18 165
41 14
31 23
2 43
31 48
8 27
29 63
11 14
49 89
29 110
34 16
32 108
45 53
23 59
42 127
32 45
40 178
16 199
48 241
36 27
28 166
8 175
17 36
22 38
10 90
30 90
41 70
9 183
18 25
41 173
2 65
2 2
26 88
48 96
9 93
14 270
27 8
13 33
27 137
15 155
34 1
32 214
38 36
49 85
10 4
30 251
33 132
10 88
50 19
32 151
25 8
37 19
50 18
13 63
9 80
34 95
48 183
2 37
45 70
25 62
44 404
8 327
40 107
36 147
23 56
41 51
18 16
9 163
27 123
30 50
4 28
7 36
17 5
2 30
14 105
8 6
15 147
18 100
20 35
38 311
2 115
20 175
50 190
9 241
3 172
8 372
35 36
17 265
9 197
21 402
46 52
38 25
3 61
35 153
40 2
15 38
16 297
50 106
31 150
35 191
3 230
28 71
49 39
22 150
42 102
11 417
23 27
11 198
49 88
7 119
14 42
42 7
36 131
39 142
39 274
33 191
47 87
15 237
8 109
5 404
50 43
8 248
17 265
50 304
50 84
45 4
3 56
35 306
22 78
23 106
15 30
3 115
37 631
9 321
16 342
24 401
42 252
36 140
31 77
39 134
40 77
16 565
32 35
13 92
41 88
50 398
47 140
12 150
19 2
9 287
11 292
4 199
10 57
7 309
32 423
47 348
21 313
42 467
28 253
11 259
40 148
26 182
30 242
4 88
11 7
22 11
44 18
16 220
9 13
42 111
377 378
704 703
341 342
242 243
116 117
158 142
260 267
533 518
798 795
997 993
839 853
843 857
20 6
113 81
415 411
303 306
622 639
419 407
457 414
549 550
207 185
356 348
180 151
911 915
757 734
668 654
611 605
404 407
764 746
243 283
413 434
788 768
213 230
964 1003
118 99
244 294
816 801
133 165
45 50
523 520
834 744
833 784
681 587
932 1023
483 497
144 170
443 513
471 486
686 626
107 155
672 677
69 97
371 339
147 111
571 528
559 646
182 190
741 760
726 777
243 309
187 262
485 583
551 560
455 481
364 240
827 787
743 792
901 850
578 633
412 375
733 723
487 482
478 555
502 711
137 235
232 142
280 223
508 511
854 936
318 351
905 747
333 175
229 150
124 82
225 296
638 707
382 510
590 672
553 500
440 433
875 786
371 316
24 133
932 873
790 790
353 361
355 504
135 6
54 141
620 451
930 931
380 471
54 136
72 32
960 845
718 800
656 733
513 561
440 597
301 305
821 933
850 821
871 906
725 833
58 165
775 770
944 1129
109 66
224 252
585 479
445 414
567 585
913 867
96 225
897 1012
619 654
770 653
669 504
513 738
836 755
890 1078
311 146
308 349
889 1087
649 466
219 83
731 553
146 52
547 669
434 313
705 908
148 30
107 47
753 617
613 504
216 211
552 584
462 423
498 781
302 691
704 773
950 953
609 744
21 18
210 252
784 757
809 975
770 849
328 408
971 1046
878 866
729 886
860 685
749 967
29 5
221 67
430 564
533 777
144 179
553 583
357 431
169 449
717 718
836 633
671 591
168 140
667 562
81 127
889 869
404 569
219 184
14 114
544 723
201 100
914 1202
154 209
755 710
854 810
707 1058
768 683
706 563
411 423
173 164
40 166
545 416
97 263
97 57
623 767
99 310
745 649
500 569
747 539
752 582
658 753
563 785
703 1016
799 802
371 175
690 897
764 703
381 631
758 891
534 525
698 808
13 160
431 604
897 1240
924 867
57 221
647 682
222 10
525 275
974 974
725 1045
969 959
313 336
995 362
301 293
951 1662
631 528
960 1186
39 414
534 584
219 95
436 432
818 820
886 582
549 297
336 80
924 1160
367 215
380 404
281 385
555 752
287 304
657 1015
909 589
297 193
675 948
878 591
554 857
218 379
950 713
873 881
618 356
820 861
647 869
965 1471
501 575
165 227
289 220
955 1262
620 794
739 766
712 409
651 485
583 319
491 8
956 1150
825 635
958 1243
361 325
653 695
112 416
835 837
314 423
444 407
54 401
726 576
139 64
340 544
515 1105
33 110
79 328
502 717
293 1
375 843
827 841
95 208
345 838
726 996
229 496
830 476
311 619
833 593
95 56
38 46
144 293
199 176
926 1311
28 80
145 496
710 809
621 980
569 773
50 103
798 471
630 411
916 559
536 252
768 779
109 81
173 119
682 447
105 3
717 1058
893 1177
877 677
636 369
235 34
896 833
827 197
41 383
492 195
943 958
324 129
500 670
143 597
102 257
932 276
503 766
588 1532
196 121
918 927
226 176
453 343
638 903
252 633
409 234
168 11
968 1324
177 389
953 624
970 514
592 787
58 621
760 1221
971 1065
511 684
138 974
518 792
555 282
274 150
522 776
172 294
318 465
825 293
289 125
786 1111
781 1037
295 412
251 290
770 1396
354 153
395 575
930 1198
571 1181
586 1252
397 67
750 708
870 1335
253 999
389 581
863 614
263 157
9 385
933 190
39 104
267 61
650 818
546 505
72 283
656 1123
788 395
250 283
924 915
240 87
110 776
816 479
548 634
310 131
285 75
118 275
61 71
396 370
442 661
630 620
501 272
653 80
758 1146
672 645
947 885
885 894
137 381
880 1343
843 307
45 197
180 276
836 556
270 1271
34 411
534 185
844 1144
204 21
479 952
505 1126
745 404
64 173
135 81
162 31
754 741
417 730
527 543
180 612
178 223
993 1239
359 275
865 1679
515 109
471 224
141 565
398 332
793 873
200 318
99 97
46 39
212 1042
186 48
479 840
295 42
565 556
353 391
447 353
304 290
948 1759
378 191
642 758
73 914
1000 470
792 788
544 1244
33 772
745 658
227 805
860 390
558 77
50 131
296 216
308 695
565 296
917 845
907 1109
164 783
971 1106
469 142
666 822
104 1182
495 624
368 1105
158 128
155 232
524 972
174 341
606 711
669 1392
17 842
945 692
770 1194
521 506
317 307
541 1662
72 232
377 1260
973 1377
767 869
533 881
309 136
297 25
791 1192
69 406
926 1201
309 430
797 373
504 923
144 66
443 710
523 1167
449 944
832 1146
933 931
936 939
924 924
920 921
989 987
974 986
969 970
912 914
972 988
924 922
959 973
944 947
936 927
975 995
900 896
968 956
928 929
983 952
976 987
967 968
959 935
928 965
954 973
901 877
969 985
929 921
921 901
980 1033
909 942
936 904
924 966
958 973
952 953
901 923
912 941
900 876
958 921
935 940
957 944
907 836
968 959
995 1076
959 1026
986 893
953 1006
911 947
903 928
945 898
944 995
975 1021
993 981
962 1024
990 1008
994 970
924 960
914 841
985 1006
912 955
926 920
930 976
948 916
973 1031
927 1012
959 955
941 906
964 980
934 941
979 1066
904 930
963 1023
907 896
912 937
971 937
929 882
903 956
994 1020
931 1020
965 1033
974 961
907 994
950 1001
940 948
906 999
984 1088
930 1048
956 979
948 934
923 940
905 966
925 1029
964 944
910 727
921 917
981 865
910 1236
993 1044
920 902
942 866
925 964
967 900
985 950
989 838
925 1036
937 822
953 895
922 1187
970 905
976 854
924 954
933 925
950 895
967 1034
922 1028
902 810
935 924
974 1047
976 1019
907 834
967 1048
935 848
955 978
975 1037
926 963
952 1084
951 922
918 1017
906 1127
901 1020
974 1045
907 911
924 990
999 833
964 905
973 938
929 983
984 1293
980 1181
957 747
962 1095
969 644
903 868
949 1030
957 1140
914 1078
939 981
948 1067
907 873
902 816
950 845
987 784
926 1150
924 735
970 862
917 1157
905 581
907 560
977 854
974 796
963 979
932 761
972 813
963 1172
968 712
933 803
960 965
951 873
936 903
926 1002
993 1167
917 921
977 1245
934 911
989 906
953 1003
930 787
941 1100
943 1035
930 1249
991 884
904 892
977 1279
941 784
935 918
912 915
967 1115
912 1157
913 629
919 1023
959 940
928 939
962 680
958 959
984 883
947 1119
904 1034
934 1064
974 906
965 974
943 1293
959 1115
948 1216
958 994
923 822
909 724
923 835
965 870
987 1311
905 618
939 1026
937 966
927 687
917 973
924 800
989 821
972 1434
960 918
962 908
997 1331
917 947
970 963
901 752
928 857
920 734
982 1098
944 709
985 1000
928 766
949 893
912 918
943 1057
978 1317
983 933
983 889
927 700
984 1021
900 1395
976 957
952 1320
968 626
971 1138
954 1013
968 1074
1000 1117
916 791
970 1156
909 1057
969 1210
964 787
938 979
