1 10
100 200
201 210
900 1000
1 2
6 7
9 10
1 1
10 10
26387 664440
655941 447052
608982 587268
572280 110660
416942 392085
849961 379746
86952 482999
667243 726541
840156 451268
468134 731585
211628 74957
555140 178534
571633 81496
199685 259698
506929 415445
208312 595685
321135 886874
180061 995362
850865 330381
915373 740169
700677 689440
353010 671480
941405 925307
740265 892585
147090 764451
272116 243640
731864 376578
297521 151912
603223 713020
633094 74329
679160 126591
65280 975739
421962 639721
510924 428206
403354 265384
39512 802379
404481 227956
125262 721403
537013 7302
534047 301548
173475 392607
769691 596522
923920 782811
280857 916795
689027 845977
460335 81497
974908 230718
28305 525316
361557 142636
795072 617288
939218 722233
349787 22818
806448 747048
410029 277826
317251 115611
172475 667950
918784 259936
18318 367828
448879 915563
777104 480909
494495 990878
524792 405617
500065 376849
493307 116426
494780 456623
886746 949605
373830 388347
691612 394980
84097 573195
61043 814830
351148 479762
527257 896652
951519 691631
700124 360402
62811 434255
518090 384872
977801 168438
440227 558282
1166 933109
352174 830627
328879 332822
434879 657354
236638 784918
864081 771241
275676 602923
723427 628102
851723 714688
653303 235994
216691 261535
786799 593989
62747 667044
387181 915135
34123 822262
285455 530149
846673 302023
106780 250666
547602 365806
797786 247564
687464 894617
17519 352676
854156 907688
379448 458460
382732 751328
149602 650672
563802 790797
484943 619494
886579 619644
450434 616455
321457 941817
401348 77074
833422 319989
481155 96612
571652 982719
263021 988577
369597 945922
913326 995008
324485 698440
991545 922190
453812 363677
37675 857022
254433 377500
927835 632810
947506 417227
559674 671166
44967 391111
362930 389399
907225 690979
27869 216626
193035 206127
795943 129804
84623 534862
441600 601725
823179 64257
325213 278286
467187 554719
672030 626149
396173 681370
52650 48848
542345 134847
769756 84953
110148 818094
903782 694624
656765 864083
497796 90209
649605 798489
234700 127564
780999 928653
397349 582350
89537 264281
171317 630195
580622 801942
832293 453131
157141 6359
994589 512404
494205 721982
438927 756889
105662 480973
234461 341972
607719 542931
553398 700726
263906 208917
829677 631544
479443 894113
584829 616790
559082 980160
252822 203082
714466 227225
188070 516588
895546 96838
392707 776287
939396 803830
759377 474019
654123 893516
790191 663148
15066 511554
381878 93292
81057 730237
685416 713063
194812 823827
411621 697991
674178 58713
307758 13924
183933 971574
93311 872661
751530 279314
493943 525857
94791 530648
603380 891116
14325 265929
395985 279539
832664 930563
877193 944641
930158 567726
805141 803973
24453 542408
570696 213600
111550 481728
93732 970970
790125 140896
582269 898760
145207 302186
252596 483228
158373 470661
319552 252923
188791 956071
491435 462507
255556 252030
822330 835641
93107 527784
845218 451351
517760 620454
834002 905033
429728 840985
749077 577832
48795 891898
627643 350812
320227 24996
993432 924668
564186 52502
826193 155606
546326 243704
620657 912287
275273 986741
688299 577370
203328 986419
728219 852977
769401 314448
468379 264858
785915 619898
551778 836934
584581 996940
217128 930736
781450 151499
322427 698266
872492 48498
622651 144370
830908 344655
88652 350754
904312 664587
629675 483619
995329 889630
566304 343106
562034 410825
436799 241473
682185 477300
522337 591303
816618 138349
212027 126568
752978 62990
760987 566795
548883 481823
801945 402341
948700 5506
47103 790275
775735 441821
471001 514361
787139 495966
712226 988249
458162 639099
590503 120379
851006 666600
932942 938539
728863 23980
759484 662153
802534 124453
992211 499272
565410 552145
705200 831424
356089 103222
147897 328989
327292 485832
209715 601886
409551 897973
57581 771812
959373 340422
9396 111919
579437 699976
696581 75239
494253 319768
234239 921257
25335 19824
180813 785585
653349 705638
889773 629184
267146 834584
861010 206454
750024 529619
738542 117306
981715 522885
520295 401827
684255 291524
618066 645987
456333 456310
927269 627157
674617 766105
880089 980704
786076 518566
779782 406162
624744 65048
121676 127225
462853 82062
597076 818250
836855 817159
300459 632014
927328 939123
868135 6072
95441 278352
520682 592636
699260 639268
21940 679417
902433 293628
843548 235444
688018 450444
379075 909997
699458 262854
586573 101042
495730 544774
758799 553412
628223 947442
682802 509861
161272 196591
183640 294721
128673 639563
624736 243087
888858 677259
473733 716275
740248 532687
980795 206688
961180 250275
385804 348288
267245 52866
117757 365896
222229 845505
476457 481499
691461 908619
649111 511290
594621 759257
260246 615795
257818 479231
590164 793088
90357 521761
964432 606091
26665 371291
656938 978114
900876 493210
786046 916920
911381 842024
91847 169977
717476 458208
165471 445762
57535 961224
44616 967649
692964 255802
793590 186971
114753 729245
509288 706659
24780 831541
586981 18771
726175 260728
998744 209660
361072 467407
405514 765095
998557 318338
427422 60656
349812 805453
233081 952455
869571 471443
829729 553520
417167 232690
727506 981293
283220 430826
198574 561113
41823 383482
303455 584656
205223 93032
668418 224820
460789 794025
618436 663501
245757 167460
621103 965133
982784 370892
852693 289605
152833 517913
80735 395797
110987 350623
196295 848547
876351 799644
101436 5064
434223 55323
216065 904137
861690 755222
206611 531070
87672 688819
375918 833704
599133 894776
989682 163451
535445 577890
824309 169840
842273 433574
68023 787729
228539 212041
826106 225359
974564 411922
19152 146957
203891 576251
969880 427449
308150 317861
660123 213057
835874 711921
241041 736358
178327 53810
667158 886484
725727 174704
255451 399944
851036 67792
139392 761707
264479 392274
596498 849419
62475 829372
605745 818145
599191 668622
914667 863573
288568 970525
577601 796217
648116 648244
16778 411383
356292 835248
385674 881031
307775 426883
159326 48630
102326 9393
988420 565359
96921 178620
395441 971170
603441 456460
442684 148690
855244 39107
23855 38242
307999 564799
930438 173324
978597 932393
44644 726902
538580 443828
863871 486588
360528 998560
304869 985734
818944 554397
837449 843940
61645 367033
515353 285404
947020 829074
529264 529015
673449 350417
250647 652296
788642 647312
145360 967931
228218 389338
731762 950561
539828 272839
152422 344603
651497 548938
546832 283161
723912 891841
172283 330343
496129 719201
771272 262522
299588 974457
568106 772937
919785 858903
202695 989974
890051 880923
754306 504162
841057 431747
9713 117174
731647 564661
610473 174840
900544 152343
208687 934000
31851 822891
829579 317711
313557 347295
988654 921368
858755 447473
567716 931585
416272 289229
192923 879397
671806 876994
560542 311476
488645 217736
317998 187266
255197 490831
51452 661132
118576 114874
890036 134719
814925 154758
42714 104420
842711 405042
751899 898882
276236 257074
147432 181645
389168 259101
802204 646882
383543 485282
852838 595215
990935 183572
153139 897399
646350 802777
615836 903190
488672 386730
168498 131065
699717 130996
700492 37965
96180 663904
533168 796386
703464 853725
770226 853561
660660 580956
494477 788136
821838 996800
938900 458421
492877 897969
329545 769497
120439 391812
132326 463561
73507 659082
343529 773413
634591 898866
361227 507076
649241 304705
335138 132660
808998 789005
404237 527973
955743 223058
532678 814363
961449 348893
615995 928889
112004 326793
150901 845068
790531 626344
105757 609145
113909 813346
538543 595718
368412 482363
936117 557555
961780 152826
810923 520501
185899 566258
292716 325803
572688 41158
395317 373644
625714 100096
779865 560204
105781 543422
459612 61661
810176 301214
760095 142720
911992 922494
642133 244819
130023 760480
768804 67917
715605 697454
132764 826643
310672 938005
443688 17424
60767 173892
676104 177768
570649 384661
962741 566346
141632 952743
99754 264250
19330 707535
869834 342917
206624 936236
110860 44922
89804 559866
699484 204203
841536 723876
76879 657911
646546 316015
561746 304538
345471 367256
339225 825402
677529 712677
984457 629488
648712 802812
242894 707375
113371 981595
963392 891910
788687 892138
922566 143378
581349 221270
550435 616916
783521 799274
834334 30039
451774 32262
305904 137742
20585 33840
785256 593265
997077 367302
590032 677771
696419 660929
384761 624052
109968 625116
309809 520999
666478 617607
622310 670612
767860 514252
714940 748244
62769 938285
894831 24694
29178 58718
924291 202674
822774 605966
563241 135467
758558 370412
470520 774183
280537 773014
379304 451990
707588 89600
765893 928699
710065 925984
330682 558293
771129 3794
433258 426849
795925 957060
939865 822215
503056 762807
384902 485601
18461 215876
939433 527002
682440 898416
216090 468559
12716 320032
118842 403322
796490 841702
478863 912153
736852 420139
621200 95150
535637 137737
312420 413336
435572 422994
139247 790241
213764 770095
344454 331535
560374 726005
537197 293150
5227 70130
893539 93420
364111 264758
513032 898356
374570 92926
520676 355701
972863 782790
328212 183163
929912 718622
678486 965612
889593 660177
809280 476500
798036 210622
419778 46617
528856 738262
251718 739785
336592 245610
697329 568159
48814 729918
776505 897965
443229 524587
272461 535692
796684 704537
572859 518943
352715 697706
635404 999990
547900 525491
894280 689113
980254 823262
534743 345450
789394 395181
515368 604531
246378 124928
468992 237067
442601 77216
642312 10428
543179 722945
467523 694138
114348 818168
120864 769816
51010 569988
788961 397961
280888 922421
982517 485424
182597 585617
132546 45473
743013 265571
38507 250894
352559 409266
80022 945498
260573 602908
740207 342386
700193 594319
897234 483651
929747 625306
391726 744828
85085 576260
488396 137064
686310 279010
2219 583243
124532 207614
910530 127171
786712 128278
435656 453638
1624 421968
367562 867478
17645 285428
272523 790131
275741 674901
233311 590010
339995 364745
573532 130548
848144 778450
701813 247089
213204 464158
255575 112304
435141 332176
602493 65502
976538 594049
359410 853293
404767 772175
961048 802798
441865 951331
544487 288750
854415 134732
734545 695828
190173 666361
978284 571819
401119 792737
34796 453445
342881 548915
207229 379671
267265 780454
782076 460643
397266 280728
776033 282232
160552 722030
7873 792374
242025 796690
872403 602336
776746 880907
252914 765511
921496 963896
175916 829937
927965 803970
539259 850629
319781 876668
950603 325458
101916 114648
135819 276349
832955 502422
742986 628626
146045 481455
369187 435112
126242 655256
699876 923446
762422 577025
405574 96968
509467 85498
300228 498203
443455 44463
512247 392292
496414 263055
651441 600713
115757 636261
623988 620584
440625 479001
701644 595323
469751 692533
99292 679314
969978 66462
313416 987179
981513 968395
175193 821981
786046 538281
528997 55256
207210 89902
525762 503726
977483 433838
577221 823313
877047 332227
117722 703013
34227 251191
381063 68101
576208 205168
264028 346001
901869 909030
468042 599513
411142 958083
7682 777384
160529 701496
664052 823281
455780 183972
731042 905494
742226 690095
945668 627048
61870 966656
543352 324719
718011 359547
847961 658556
480350 856867
700000 948669
198400 168589
436646 819298
919812 28126
200030 523087
948212 722742
911257 479789
729322 691027
201007 573109
894919 225993
731721 354670
844611 6335
724201 68524
557825 576167
668597 845564
240570 721460
887388 559070
980325 799759
456205 955930
472469 508835
744773 177550
237897 66382
619518 182110
956029 408957
999742 161858
388988 217376
930811 624646
462009 209948
556769 739933
172029 960115
402466 619652
551015 71610
788408 187744
197376 265157
771626 711292
235685 152019
194282 941835
78177 779705
851030 135175
668387 431019
413580 990159
983348 299173
507157 569873
524631 95167
57162 180652
457234 978436
391274 89801
642284 738812
288245 81848
107540 989614
393082 88284
210551 37483
618569 755352
800601 440017
665280 931584
590008 781314
742198 694617
866037 11903
322190 68258
565560 242686
450748 33420
795430 137038
993120 938714
919957 252093
624280 967612
891232 483341
862497 209866
368050 478269
82379 141293
954658 424747
482568 503086
632657 25358
840314 836907
449736 730354
825230 94113
123304 925545
446642 783120
753314 294901
564003 44874
456162 599871
560497 587244
355985 374732
815016 645832
489701 26352
743593 263946
615666 926591
722477 767355
224494 108960
212086 206524
209692 706200
502591 214845
697034 172529
204510 66472
83757 683098
183045 576008
265966 309358
435391 621435
726047 665551
419881 774398
418778 741453
915084 807661
253012 862464
70039 759064
601281 39855
477251 365869
510732 612269
960046 861385
733603 145319
306592 968152
821637 500543
950441 384024
137686 851181
75088 240644
814857 488166
804917 709003
515400 120362
887925 124935
81931 811199
727768 518814
25850 580687
345689 677605
912954 988754
203672 594004
91415 483715
873319 68798
58505 696202
645218 949669
684155 244564
301444 850509
413292 596835
634897 912411
838109 399413
343331 138796
497139 638893
263684 466837
889724 700158
908723 119205
538931 343178
199758 586252
108346 939076
335683 812126
423232 40141
338690 69770
923369 407118
496921 113714
235314 804733
284542 845344
958684 92785
315315 291950
220726 91741
888159 917924
219858 114343
774852 492063
973109 988950
349229 40393
864606 513444
466939 829475
363146 308117
691299 837231
31946 766075
394691 517440
444827 941844
78809 217746
225767 900261
751430 679542
739912 195416
808018 860722
697533 598611
794208 439944
733243 714311
621942 18382
404050 79068
691164 99066
73774 750719
961704 841160
456610 908440
700620 104621
828758 383667
934918 846354
761890 451651
11598 357227
165397 498637
875128 12526
639287 218352
374047 178050
512942 185997
431389 295681
401789 714778
206048 42393
795895 419180
741168 122695
208709 557414
354572 960539
