198 789
484 611
112 497
72 236
253 537
718 984
112 185
449 493
609 991
104 689
5 811
438 736
530 862
389 985
379 477
549 986
173 569
254 545
218 684
254 390
475 967
287 914
51 331
125 390
1 87
183 378
31 706
556 997
283 856
111 159
125 327
136 844
226 520
292 350
586 718
117 700
256 846
452 987
508 964
686 774
67 401
336 474
760 793
18 664
146 180
453 541
606 927
196 380
205 582
589 844
500 780
330 733
131 191
2 462
100 958
18 369
54 950
283 532
123 728
839 876
558 942
913 981
440 784
451 508
408 941
15 629
150 773
461 758
571 945
897 934
189 327
220 255
152 746
54 760
122 973
213 265
867 897
241 483
270 961
381 403
633 754
102 578
223 736
563 601
293 297
423 441
666 710
374 818
230 490
306 992
211 645
612 897
132 417
180 495
684 880
416 784
624 820
900 968
611 787
688 946
727 819
386 998
178 388
781 886
506 573
679 938
55 130
822 873
508 937
666 888
864 949
806 967
119 951
393 438
203 667
543 897
442 519
339 601
307 323
265 625
306 494
405 817
458 517
372 696
683 719
50 809
328 952
601 906
612 787
562 905
94 147
29 937
209 645
103 735
460 986
670 875
69 677
125 272
507 521
276 595
496 614
136 348
94 690
695 854
408 561
614 657
481 755
376 728
124 363
241 720
229 701
100 327
644 650
273 894
516 523
137 804
569 831
322 338
493 750
353 615
214 489
383 751
95 330
156 887
57 887
155 747
349 427
159 515
850 963
85 321
312 979
340 813
455 646
440 502
71 236
2 67
647 980
181 947
882 997
79 321
652 734
234 862
307 438
639 718
124 198
111 260
71 944
473 877
322 685
262 865
209 541
287 729
508 703
143 913
627 758
486 914
26 402
519 898
273 556
56 480
458 539
29 262
427 871
120 440
173 194
71 405
77 595
163 555
134 748
553 709
656 964
378 952
180 562
486 503
856 1000
494 905
72 352
820 894
54 960
478 711
31 179
14 87
122 509
75 820
191 601
669 774
180 591
689 759
347 862
589 995
46 471
594 886
554 953
28 118
535 800
501 600
252 865
466 821
136 795
373 777
456 607
634 675
529 816
859 989
139 486
895 904
131 818
754 796
707 881
312 338
125 140
554 861
221 628
642 953
373 465
21 382
250 599
227 427
574 809
474 985
486 707
90 691
51 658
726 774
169 623
232 629
215 706
173 349
7 767
499 657
783 869
587 866
190 827
615 966
269 604
268 786
36 746
4 68
624 893
522 868
346 480
303 810
69 856
199 844
414 968
339 537
224 837
165 174
127 406
251 590
457 534
371 968
128 919
8 812
308 829
78 79
37 413
261 498
363 406
160 447
562 663
302 552
183 474
602 972
208 298
577 956
129 785
794 818
464 961
591 791
38 65
250 433
141 521
144 971
42 83
204 432
132 628
441 560
66 277
81 238
323 876
854 898
439 591
295 667
236 359
497 835
376 411
504 682
619 994
184 332
158 633
296 533
150 198
190 811
991 993
284 472
564 918
167 754
586 880
29 586
363 396
215 790
249 512
159 246
317 785
122 744
713 862
295 459
539 853
397 972
157 984
171 879
342 872
431 783
147 815
388 829
215 944
355 481
33 651
141 821
690 909
390 476
11 789
238 507
61 438
245 941
174 226
24 402
892 972
642 703
192 635
112 861
93 253
249 614
566 833
425 734
652 952
197 459
313 878
272 387
545 617
78 941
354 888
602 773
643 928
259 393
254 892
651 765
459 691
223 727
617 690
1 698
233 736
304 931
487 771
603 980
37 829
416 755
362 558
198 362
686 833
595 746
214 383
328 830
777 938
123 254
375 671
186 247
45 456
360 601
679 893
176 897
102 560
149 481
501 942
25 236
529 945
384 693
390 851
729 970
196 269
389 410
298 715
172 949
501 725
464 991
300 624
380 487
160 841
71 353
101 263
65 87
166 416
418 789
137 222
576 697
849 962
3 784
95 876
624 741
96 136
5 716
104 281
528 654
92 514
64 393
201 570
903 963
880 959
97 694
556 666
569 778
598 786
404 534
217 677
92 440
46 931
285 459
32 745
318 602
108 497
631 721
610 639
281 686
493 843
470 915
579 969
518 955
8 535
63 688
429 523
68 237
313 988
413 791
823 945
605 751
59 303
714 780
8 205
567 887
7 396
310 619
119 575
688 865
223 893
267 734
450 543
564 988
250 873
169 590
355 890
546 694
456 602
422 466
83 154
728 838
353 495
30 357
208 370
197 488
221 310
106 657
738 794
835 944
717 980
20 732
67 763
83 180
467 655
67 735
288 743
404 408
76 155
403 919
153 555
185 264
390 660
143 220
653 979
124 922
365 612
163 505
321 550
158 344
184 836
375 803
457 576
287 303
175 422
174 929
242 965
461 943
98 862
1 781
346 747
526 911
104 685
301 529
262 737
123 684
601 647
204 723
134 675
458 666
782 848
101 858
749 840
253 393
341 985
306 820
114 710
139 824
478 761
522 764
787 983
401 860
510 547
381 497
115 692
123 911
374 517
50 165
313 689
522 854
352 427
379 576
235 359
139 254
80 562
208 453
171 188
110 271
388 856
223 557
127 739
305 509
199 958
102 848
435 674
428 930
628 815
843 898
63 820
460 536
41 763
258 551
677 942
624 907
201 530
602 747
117 536
8 68
389 492
764 944
681 764
722 848
456 748
110 491
494 961
215 613
233 534
424 776
427 966
148 604
525 743
732 735
169 329
453 635
644 952
145 351
166 442
246 346
602 987
452 537
129 365
99 581
82 225
274 473
552 554
252 787
301 635
211 862
506 646
735 906
40 112
384 671
91 987
478 627
523 687
10 879
91 364
242 879
8 414
96 740
75 775
680 891
320 844
385 678
119 974
892 916
289 295
14 76
136 640
295 901
148 600
71 341
246 853
450 621
445 640
619 898
318 594
487 918
359 973
491 502
620 921
400 818
369 449
657 765
90 542
666 738
137 553
16 23
29 216
41 475
393 953
268 956
176 923
50 415
191 209
337 824
669 948
377 700
728 772
553 956
381 774
63 946
630 685
487 964
86 317
49 723
561 975
149 559
204 799
145 234
472 923
897 943
351 452
706 763
582 901
226 674
269 744
589 691
354 743
204 813
163 402
539 734
788 872
102 593
2 79
257 484
28 764
530 548
625 674
32 820
72 130
416 718
69 278
166 704
51 880
77 992
648 670
306 769
417 975
215 561
525 534
133 335
298 538
668 919
154 305
579 690
113 285
468 797
339 978
828 834
20 348
31 164
737 977
119 438
196 515
545 586
114 636
345 788
246 835
101 216
399 638
157 492
224 579
29 182
597 885
124 514
163 614
481 975
636 717
576 765
84 875
11 229
346 518
102 604
319 377
504 983
80 209
76 935
93 365
159 333
91 249
882 944
364 921
344 772
9 731
221 670
268 543
148 927
196 234
204 229
319 357
826 828
391 721
187 313
821 946
478 614
58 929
486 843
667 866
25 67
539 682
314 905
184 481
358 817
70 950
194 618
524 771
90 404
546 655
130 386
50 720
652 980
482 646
228 840
328 834
197 468
211 966
524 691
516 967
290 677
464 773
330 770
732 944
106 977
385 616
201 928
54 1000
647 733
5 574
599 758
289 308
18 921
265 338
501 835
331 600
281 882
287 376
133 865
361 517
626 707
83 244
540 817
587 954
459 646
373 418
53 86
326 406
445 464
346 685
32 114
398 659
64 676
879 945
46 966
111 219
868 910
223 636
890 962
539 689
325 497
198 924
616 628
79 501
525 832
548 553
473 789
659 995
170 374
295 713
222 883
160 799
149 503
380 415
304 554
760 865
263 758
428 810
36 343
624 966
216 336
162 975
653 858
172 727
397 629
527 598
314 984
4 993
510 759
132 823
264 914
179 370
336 763
215 873
95 712
91 761
140 905
454 615
399 639
589 793
554 817
533 674
181 879
276 916
215 406
503 633
9 490
298 672
67 570
139 313
932 997
266 695
356 658
244 759
356 398
357 839
320 349
18 337
798 808
788 862
64 90
162 655
824 922
515 990
146 421
148 704
145 455
731 785
328 788
677 751
183 498
560 874
263 900
106 780
200 663
315 397
307 952
417 421
11 669
133 662
78 684
371 970
579 923
420 560
106 910
380 990
175 226
617 882
22 383
8 537
150 950
422 532
49 386
467 587
538 799
92 691
207 670
546 616
597 844
283 410
283 515
738 857
79 707
815 822
115 568
555 587
189 902
499 564
662 826
529 847
536 702
262 911
454 768
217 956
255 845
340 986
153 387
301 637
550 838
176 292
105 817
323 619
90 200
321 906
706 807
152 427
222 733
544 793
273 851
64 912
525 959
165 907
603 903
620 727
457 673
407 952
339 904
132 650
149 447
311 787
227 390
504 981
256 674
56 752
360 443
181 868
628 692
279 509
129 810
186 957
6 337
460 746
228 465
86 685
253 816
428 619
412 877
670 957
300 314
575 743
657 971
21 817
335 351
156 204
460 697
116 256
232 605
