4282 2852
9404 634
7676 6655
8785 1389
5778 4174
1579 6397
8958 3608
5265 1265
8471 5014
4627 9310
2757 6909
8825 7968
8244 8488
6762 3773
8615 5535
5053 3756
4568 553
6996 4990
3809 4901
7673 3453
1005 7526
5397 8266
2538 19
5320 9857
4129 6296
1363 4349
5390 172
2311 58
4634 8252
3331 4978
2323 8780
3984 2168
3630 939
7688 859
1597 9914
3133 6159
3218 7975
7661 7951
8365 3995
2327 4642
6649 5439
8399 5912
6146 6882
1418 1241
4593 7175
5101 2824
4853 6325
6052 8965
5726 3975
8329 6529
7333 6666
1380 461
4598 5519
9268 4231
4822 3265
8605 1731
8016 8567
6411 3224
6001 9519
1373 8493
7776 1946
4135 2476
5936 9844
7879 7358
6121 9136
2652 3727
5986 1658
5442 4413
6623 3186
7087 6972
6475 8413
8817 5418
726 2075
3616 3828
1513 1712
4045 1183
7516 9751
1397 239
9784 8936
3885 8259
5483 915
7318 8630
5220 9633
6194 8245
2990 5900
46 7405
1329 4129
2494 3884
6309 4686
4516 6754
4423 2680
9455 4929
7224 3236
358 4233
1645 3466
3580 4512
5619 1277
9084 5164
9584 4145
7822 3310
6370 7488
5178 475
1895 996
6269 3562
2366 8252
5580 5849
7765 9101
149 8887
5885 898
4554 415
695 7898
4319 2620
1328 4306
80 3489
367 8067
9801 4740
4942 4086
7470 7861
7134 6419
7175 7033
9280 7822
4074 1982
3142 5047
6571 8956
9196 415
8971 3646
2301 2418
1965 4993
2428 1011
5838 8467
1834 3895
6979 9111
3420 2227
870 608
9962 342
5076 871
876 2161
7535 6356
4465 4744
7813 9056
7804 2680
2434 2323
2829 5426
1928 9072
6018 8772
1151 7962
4044 2610
5827 3684
9768 6967
3937 6995
7184 6563
6183 6483
709 3558
5038 6260
9612 8911
1496 5320
3682 951
5705 6867
307 9932
5924 647
3779 464
6750 2052
6 7073
7340 3065
5100 3409
7767 2542
1303 1651
3062 8384
7386 9084
6582 7460
8790 1854
9710 4860
8646 8977
1433 5254
9996 4658
2804 3736
9908 8151
1769 3274
3080 6352
8045 6740
951 7083
9056 8707
5230 1875
128 9194
307 1878
5775 5825
3150 7975
7823 5555
5210 3908
1601 1596
7729 1237
4812 8545
8776 3918
5678 7914
5446 9878
8634 7914
2948 1315
9046 8402
1330 6280
7152 4315
5359 7248
8989 6008
7992 9459
8533 3128
3183 7589
5968 4880
4388 5688
8866 7334
5486 8806
498 4112
7752 8802
6414 1636
2863 5157
1383 9115
4888 1385
9391 4001
3109 7921
6999 8379
498 6820
7495 5559
5054 2783
2579 6102
8811 7418
4224 4625
1168 5085
4325 3312
1669 2775
2864 9008
726 8512
2748 9068
1702 9307
944 2770
9999 2226
2349 1864
453 9414
7195 9975
6273 4457
8537 7949
9930 2957
8148 4441
6022 4950
4516 7103
404 6839
4978 8054
2227 9781
6917 4407
4699 9616
82 2320
2552 996
4897 1912
7745 5168
5366 803
8027 3856
9377 9923
3076 1662
5475 2442
6741 7244
6410 6802
474 2253
674 1654
5736 9464
6391 2190
1609 7704
6403 5954
9522 6337
4306 6036
8646 3569
9352 6927
3604 260
9269 2767
3151 9080
3579 2918
1509 1970
7539 4879
2099 8458
9080 3240
6149 9331
2153 8552
3756 2324
8415 7785
5579 4811
9444 1934
4542 8286
5640 8317
9277 1930
958 7010
14 6396
9951 3480
1381 4225
7505 446
8960 257
4700 9634
3132 1772
925 9345
8250 9591
6490 7606
3310 1087
3187 6721
1575 119
3089 9814
5619 4143
4467 8441
3867 4404
6434 7595
1585 4490
675 9824
7767 502
230 2614
4964 5586
8242 8135
3404 4211
362 7666
2372 9412
9059 6493
2556 1267
3076 4993
6464 810
810 3739
967 3876
1084 3286
7074 4197
401 5914
8388 9384
2728 3129
1145 3099
7272 2239
4707 9654
4250 7910
888 3694
5432 7253
9499 5462
175 9887
6821 1649
9788 6791
5607 7077
5389 5926
4292 642
5481 1021
3400 4667
2373 5430
4685 4757
6423 9935
4350 5256
9530 5034
5615 954
3996 7690
292 7202
5576 571
257 3401
1422 4434
8985 3145
3360 4764
2159 5465
2426 3014
307 7393
8213 4594
1951 2133
5520 1691
3995 7189
7618 3582
987 4216
5996 9264
6372 3015
6673 2796
4621 3863
3575 4658
6528 6806
7461 231
4512 9484
968 8596
1837 8491
2197 3626
9863 3956
3513 4570
1353 3074
6409 5543
1326 3597
5254 1483
3810 691
5167 1998
3609 8457
5609 118
9602 6476
2055 6466
6954 3455
6321 681
2807 3733
8062 9225
2319 5733
5110 5866
6599 7751
9303 1921
3471 7518
4956 7363
2871 674
9502 3376
9589 8561
2283 7715
5973 4543
3412 6457
2500 6853
5781 4164
9027 9010
1015 6796
4404 3182
1973 5563
345 4120
2528 1823
4361 2750
2020 5846
1929 9003
3566 9808
8826 7938
1291 5352
2286 1577
1811 9287
4505 8291
8617 4661
2311 1065
9088 9158
7245 4046
9518 2464
5486 4184
1538 1901
7809 2978
6633 5982
8209 5819
7885 2693
7879 2486
4246 5474
9489 6805
5809 1711
2813 3508
8303 6947
4068 4902
6735 1664
5738 3089
1992 4416
9718 197
2751 2509
9238 9451
2565 2676
8067 7785
6058 2120
5273 7297
7368 5034
1108 2385
660 5460
5549 1012
8085 6977
4112 253
3545 642
4292 2754
3042 1282
9806 1763
4280 8085
4477 6228
4414 9113
7090 7270
2819 8352
2292 569
3828 8602
253 1984
4553 4374
1418 1454
4894 8276
5158 6037
5296 4146
6930 9565
6117 6784
5327 8034
927 6391
7257 6560
5285 8078
7325 6268
461 3863
5776 4710
6773 9624
9910 6824
1744 5164
6548 5747
4836 3938
954 2255
8734 6948
9978 1736
4839 3013
2274 1614
2617 47
6731 3444
418 2471
7564 9244
3235 6737
2689 7248
9662 943
5795 1424
4166 9306
4628 9014
1511 5006
2963 178
4451 406
7743 9553
3456 4331
614 6381
1350 2061
8144 5283
1596 9248
8510 8607
9430 5246
1628 5027
3667 5255
9203 4439
5144 3717
347 8588
9247 595
595 2109
4726 1184
2289 5003
737 3496
7238 8000
9237 6896
6829 6440
2750 2670
6696 4484
1031 5223
869 4766
980 149
9647 7491
7600 8383
1743 8004
6950 8698
6045 3783
1886 5834
4178 5343
7918 1775
3749 4710
8964 8476
8360 335
9547 3703
3399 9560
9064 3457
3338 9096
4449 4164
315 8597
1088 9531
160 52
1437 2814
3716 9952
8700 9821
756 7733
1626 5935
1806 3541
525 9879
9007 7655
971 3621
6660 2656
5823 1248
2893 6327
4676 6462
8480 3719
6123 4388
4048 8374
7339 4723
4399 6777
5887 465
7245 7157
5302 4206
7357 9833
6928 5173
3887 4735
7498 4734
7363 9314
4066 4777
7153 5173
3712 8430
617 9233
9631 8622
4997 396
8766 1341
3978 6921
415 7771
4122 8554
9977 7032
9795 5369
6803 2253
8 1450
1791 6645
9470 2676
2542 6375
4691 7136
6599 2658
1774 8069
7351 9116
6019 4606
7967 6960
5518 6552
7706 9842
5088 8912
6625 674
5807 1700
8237 3885
6821 4682
2598 2494
8826 7972
2229 1075
7726 3834
2922 4033
8948 4917
7349 5879
9159 4671
7656 2959
2273 986
1065 6762
6710 4467
9078 158
4734 2229
4435 3343
6476 7852
8309 1154
3572 8326
310 8546
8085 8462
6014 4152
5968 2449
4722 180
4389 3440
1482 8877
6463 9315
7021 3930
3890 4336
2355 6516
3708 7278
5972 5100
4612 8763
8120 4937
1920 2313
8680 7133
5536 3840
56 1855
7423 2257
9429 1298
3518 5430
1448 6512
1956 9256
9998 5616
4568 6253
5182 4420
6388 8999
2787 1293
5077 7764
4626 513
2458 9235
2897 5633
8133 9863
4251 5628
8927 7218
7605 2987
2904 7709
4658 5200
6548 5351
8847 7667
2099 1279
3739 8080
7950 8312
7036 731
2699 3376
4551 324
3622 8036
5156 6002
9015 370
7377 6762
4237 7114
2571 680
5048 9611
4133 6776
181 9332
9007 1719
8722 9996
3704 8645
59 9558
5125 2797
4264 9205
7818 6923
4331 8868
7331 1217
5975 1500
970 7702
8647 8292
8189 3282
8633 3667
6695 5217
649 2717
8998 5679
7275 3466
255 6196
4821 8975
5249 5455
6221 7599
2752 9097
2276 241
7601 7434
3654 1563
3415 3526
1978 6251
6085 9079
5587 8381
2090 9053
4669 9754
1360 8391
7582 2252
2014 6233
9908 9669
5571 9433
5590 6631
8781 8143
4024 6496
485 7067
1566 5294
9777 2329
963 1562
2126 4752
8893 7853
2306 838
5017 8615
354 2827
3472 4591
715 6714
5202 2642
7942 8224
76 2101
8070 8895
6606 6151
666 3893
6135 9220
7885 966
2696 4036
6670 967
9290 1282
8440 6352
6851 1334
3968 3193
9967 4154
7132 1316
6242 4482
9231 7786
6075 2052
8019 6279
8088 8073
2396 7708
6881 8602
6252 9313
5225 5433
8720 5941
8730 6241
2020 4918
4312 9377
9001 9895
5257 9667
2060 3504
371 9106
3061 3089
8722 4608
3977 8170
1299 47
5056 9513
2654 7365
6026 7753
1440 7512
9833 713
8072 2591
8479 2792
129 7744
2820 8519
4568 6717
2100 223
11 9424
7916 6717
8538 2879
5584 6987
7141 9486
6492 9638
2429 4545
2909 9872
7730 1487
7108 8920
9168 3220
2630 2895
800 1218
6557 7622
3963 7221
5397 1334
6194 6672
7621 977
158 8981
8199 7011
7446 5808
9597 2399
6948 3568
7660 8000
4836 4387
6245 9963
5352 7421
5140 2628
1279 6405
6218 4791
1832 9602
3169 7357
1238 320
7000 9312
3149 6792
6479 7977
434 1266
9940 3291
3183 3178
7339 8679
1674 9103
7309 1796
6800 3070
8136 4962
217 4300
3387 8153
4465 1320
2126 5817
4964 3726
8576 8784
3720 2559
9996 9528
4751 6775
9865 3163
7076 2118
1102 6509
9095 4600
3575 4121
4615 7071
558 1307
2993 689
7059 2722
1654 312
9484 347
253 3375
6881 2263
4430 5089
3845 6421
8053 3533
9757 9871
1136 9966
6331 6657
1786 1402
9046 9017
7503 6557
7263 1205
4326 2149
7380 6608
1139 5414
2052 4943
8967 6094
9221 7820
2839 2184
9783 1832
2965 5477
7151 2223
4659 568
9951 6532
1600 2835
7029 9595
2427 5016
3065 9570
2803 3246
2493 3215
4186 8382
4664 5766
9977 7917
7413 4142
2343 8251
9235 1375
4224 3716
355 7081
9629 7333
9659 2232
405 1023
5189 5464
7163 1598
226 8850
444 6315
2785 2361
3019 6867
2058 8725
2813 4996
5650 278
1948 7846
2232 2300
8216 6872
6879 771
6188 9422
2449 7430
2660 6168
9065 9373
5628 8026
6571 1527
6640 971
4511 1138
8749 6458
818 2620
3191 4539
2414 5803
3740 9163
6035 3917
9362 8367
1069 6068
8621 5101
6847 568
1760 6268
1970 9785
9598 9866
162 1848
8743 4185
3036 4648
3421 5630
3810 748
7109 3075
2376 3554
2376 3843
3971 9794
2087 2942
8678 8798
6949 4820
795 6815
1783 3808
5004 8847
7105 9878
4401 2466
626 1605
2735 6394
8996 2431
5280 7765
9056 2947
3371 5650
3471 9508
9751 7364
8757 5921
5480 6247
9644 265
7116 2952
6102 5020
8073 8847
2577 4992
9013 1778
9599 9822
4781 9654
774 7172
1415 3478
6845 7054
2790 5461
1186 6746
4386 1578
8423 2424
6799 3690
1428 319
3100 9525
4797 723
9435 9330
1785 7098
927 6151
2481 1827
3156 3235
8158 405
1861 11
7104 9852
2393 3730
1671 1925
5963 9272
9504 8942
2828 6117
5011 26
2423 1110
4643 6346
205 2909
5910 2913
4304 5357
4636 8026
7161 5387
6657 98
369 7087
1767 1270
6050 4413
7284 5986
1811 8051
1407 3927
2724 6566
1833 2076
1856 622
3029 8988
970 5708
2430 534
9778 2816
2398 8102
8090 934
7956 930
6062 8153
950 2376
2274 3953

