97 97
978 978
112 112
11 15
9614 1169
1942 4238
7735 5555
7355 472
1612 1396
3941 94411
4425 15541
3893 66431
8798 39491
5834 74871
3 42191
9163 35491
9399 9931
1758 32831
5157 83351
5276 73511
4981 49921
9125 33891
3788 64731
8181 85431
6953 51521
1913 79141
9175 56691
4499 1781
71 41771
4522 1121
3199 51651
7998 1951
331 82211
9215 54131
1941 56221
5788 96191
5447 58161
2918 54951
11 68981
9497 95791
1117 76111
9266 92381
7218 18711
1317 91841
8916 52191
5575 31131
4312 49511
1251 21451
1515 83631
5389 64341
6989 79511
6154 41211
7151 31151
7133 23831
58 11161
1643 372
2452 941
5124 113
2566 821
972 833
2974 162
1683 234
4815 283
8478 73
6351 611
9793 27
4934 728
5458 632
4195 799
5947 177
7266 463
3883 115
2784 281
5283 649
1925 219
3467 966
1615 316
693 622
9824 297
8141 219
1311 594
9163 197
3366 762
6439 913
6114 195
8951 433
141 793
1885 951
7975 729
1498 189
5482 384
5147 276
9129 181
7118 961
3294 231
1719 623
6496 378
1991 335
1583 369
187 561
4413 2
7611 881
8351 137
2476 685
5565 77
4532 512
922 543
8418 628
986 872
2711 584
7931 154
5147 47
3564 294
448 282
5854 731
9419 619
7618 231
3869 191
7568 956
9939 842
7485 48
8113 11
9251 452
7136 897
7662 669
6341 931
1181 625
3922 452
3141 171
7559 21
5199 176
3979 71
4164 441
7112 556
755 11
5261 572
2523 69
2333 559
5471 582
4441 766
3969 35
9582 466
292 586
8343 155
3576 854
7771 716
4775 669
5823 645
7257 419
6482 83
2143 294
291 761
7311 181
1164 521
7996 248
7471 241
4691 658
7542 763
7361 524
3786 421
9759 421
5532 836
4334 698
2615 653
821 619
8647 577
431 95
5211 525
332 46
2113 418
1641 56
152 566
2151 439
5429 24
631 373
2871 352
1415 319
9158 812
1175 161
7476 422
5477 323
1649 711
5714 166
7588 357
2253 891
2584 316
2395 141
4198 642
817 411
6174 218
2676 531
8855 847
3457 836
2762 195
3412 175
8936 962
687 647
9779 834
7849 239
3993 858
8759 771
742 164
435 843
5583 391
7497 771
6646 871
4768 537
228 773
8361 517
4718 919
1143 175
515 988
5962 326
9111 451
2172 96
3571 352
7769 814
8244 448
2563 389
9281 81
435 115
898 235
8599 517
8484 668
8452 516
6711 991
8275 119
485 248
2525 314
1811 898
7418 484
7193 455
9713 518
4519 63
47 618
6244 326
2844 747
4741 872
8515 874
4578 823
273 699
2228 624
6711 665
5398 911
5919 359
3954 99
6181 655
5884 494
9522 811
2236 896
2766 669
3861 288
4642 715
2331 463
8511 612
2246 154
8813 652
981 361
4744 557
7911 111
1417 352
4114 47
8836 173
158 838
1874 642
7119 221
3155 5
7293 815
8318 749
6972 527
4771 443
5187 144
1415 471
2211 419
4812 11
9153 618
7936 243
9718 866
8348 872
3125 944
6948 674
1257 221
2 776
5659 346
4685 637
5177 789
399 812
5344 56
6911 79
7435 38
5339 327
6297 131
9354 216
4252 457
8181 813
1417 989
7813 323
9372 874
3175 855
711 465
719 247
714 117
2143 287
1194 487
4421 588
4763 791
3728 869
2263 672
8565 758
4977 541
6828 697
4792 689
9765 814
2113 735
643 254
3421 163
2115 815
2462 235
7233 497
7779 246
4914 454
4596 868
1117 536
2784 958
3718 786
614 398
9689 277
5612 837
8176 853
3212 859
4311 416
9654 611
4542 786
8954 889
2913 517
9177 191
7619 129
4986 811
6971 411
2172 755
3874 418
3797 188
222 858
3992 147
7767 219
919 384
8851 563
3111 411
1614 367
1716 561
9431 118
8666 447
8455 229
9951 842
6691 175
5839 336
6652 346
5288 171
3349 563
2283 889
9431 188
3859 511
8151 343
9259 527
6975 333
2361 39
6695 983
8259 138
9671 961
4854 661
8115 23
4151 631
3865 411
2859 751
7 371
3252 378
9324 921
895 883
2389 836
1176 819
2911 212
7138 528
8322 294
6988 294
7496 313
2132 236
7579 622
2459 69
8238 716
2887 731
9162 1
1633 357
691 533
9518 394
6221 126
5482 289
439 421
3143 212
2715 887
5621 365
7861 878
4193 215
1152 711
1231 216
7681 165
3655 614
6969 531
6689 698
6441 274
7573 319
5726 894
3517 783
1692 754
7437 441
8618 948
8619 352
6174 133
5867 965
3947 698
151 913
7314 788
8214 587
8716 81
1891 115
6824 412
6629 913
5483 126
9269 123
9656 819
4459 358
2914 161
8398 557
7614 878
496 56
3881 645
9911 313
8633 668
4222 681
1531 592
7794 712
7361 299
3573 722
5218 443
4952 127
9584 5
7819 2
1857 918
5948 759
2321 198
3524 794
1191 424
342 136
378 365
3133 72
9661 329
2977 545
1147 477
8168 836
7493 973
3586 49
9336 559
8776 383
9152 437
4547 542
6651 341
8168 88
6755 62
5119 533
5162 637
3619 112
2493 7
2796 543
231 921
9633 429
2149 88
1529 748
6996 14
5645 275
118 27
114 961
9471 352
1358 694
6689 162
5757 597
28 154
6485 845
5859 661
3875 212
9841 179
6818 592
1729 511
1684 775
6953 212
9187 186
5198 51
4856 171
1915 751
4827 617
592 342
5443 75
8549 859
2858 474
7815 318
9171 571
211 452
2734 954
6395 912
8329 227
9261 41
7734 992
6191 269
2162 562
3167 423
1583 494
2164 85
881 326
2842 871
157 469
5985 896
8875 131
6378 763
5161 761
3282 614
3855 33
2218 738
6176 619
6932 918
5118 913
3562 383
3534 784
7298 25
5121 174
1124 915
7752 74
4619 754
442 17
3129 621
8369 182
9115 985
9136 218
2316 666
9813 835
8613 436
8576 316
7367 46
665 325
5911 261
4511 261
2331 228
9638 518
5948 46
2671 951
1454 232
6396 17
2971 214
8135 594
642 322
5442 545
281 799
2816 257
1788 11
997 465
4238 122
6211 162
7117 685
4561 229
1229 671
1798 156
2947 118
7836 261
3582 622
4999 15
1464 912
7967 153
4155 38
1263 789
1617 882
4626 288
2745 525
8146 143
4975 555
2483 155
9638 868
8241 346
8191 767
8323 751
9131 469
6365 174
718 764
1422 673
1148 525
4545 131
1884 716
2116 276
2244 871
5113 83
6127 842
6973 733
8197 919
7745 948
2157 972
5513 729
171 741
251 54
4956 271
8811 615
3249 213
3512 766
651 931
2184 378
5417 421
5142 524
8932 869
1391 4
4925 698
618 397
9491 781
7594 773
7157 595
241 838
949 365
3271 819
8745 267
2262 289
5113 473
2178 111
835 5483
423 9941
819 2211
312 3477
51 4734
21 5236
284 7146
321 2975
375 3252
116 8128
72 1469
268 68
285 8611
232 6915
127 4821
51 6175
213 2146
253 2161
612 7393
799 3116
427 3197
696 6295
289 7861
33 8658
479 3111
548 1251
733 6239
739 1893
983 1399
969 4122
141 3735
233 7121
165 1925
393 1654
63 4243
331 814
228 6569
871 8218
894 1764
844 4371
312 161
137 3645
942 9314
935 9525
457 7411
957 2195
417 7181
681 7234
584 7141
566 2663
496 9574
691 4116
513 3911
755 5444
531 3352
525 4417
488 7617
718 8869
888 9873
881 3351
337 866
154 3361
858 9414
915 6519
271 5975
316 2139
297 72
315 8857
14 2454
846 6135
887 3682
864 9473
789 5157
41 1168
923 4716
665 6192
66 2973
172 1171
831 1985
411 8841
177 3118
889 6197
717 8181
597 7457
264 595
635 2449
711 7522
877 7361
129 2884
296 3186
615 1418
124 9188
595 5555
997 8247
447 2381
494 1141
26 6973
741 3754
967 9991
718 5522
418 6926
916 5414
58 4261
561 1691
317 5451
237 7254
933 1219
698 1911
878 9984
463 1823
173 5384
539 5797
174 2289
494 6112
469 4464
692 1953
916 5551
132 4463
24 1739
971 8796
615 8954
555 6363
933 273
121 8446
716 6669
821 159
473 832
37 9816
212 1119
18 7975
918 3123
255 4642
572 8451
89 8715
831 8192
611 8921
636 9377
966 4341
436 8713
116 6319
751 8478
597 7365
498 7176
522 5122
92 8655
9 7126
414 3553
727 8741
413 1588
119 4116
362 9482
78 9713
636 3216
182 5888
241 8575
787 2327
891 5419
553 6762
461 6978
92 4844
23 3516
812 6111
619 1843
577 1118
681 1142
516 6326
815 7274
387 1192
434 7135
693 9121
338 2416
374 2981
773 4736
598 2769
268 8916
964 6744
532 7161
387 6816
711 9878
336 9146
345 4683
81 4415
333 2215
593 5252
911 9452
263 7599
518 797
311 5594
415 7471
573 5288
151 981
146 1526
612 2363
397 6562
127 5919
841 1367
681 4895
24 7756
414 7816
351 4415
575 7784
826 2728
49 6617
936 4159
51 5418
545 1288
181 5187
263 8195
511 8576
497 7876
292 2878
679 5242
888 6445
139 3962
183 6867
355 2215
755 7281
196 8482
991 8117
951 3592
144 3237
737 653
913 6722
918 1211
521 4914
17 7611
186 9139
731 5766
811 5541
299 7236
319 8111
311 745
262 5112
853 6444
13 4132
446 7944
515 311
911 3182
588 4577
292 3893
495 6634
564 851
391 5646
228 1661
521 1333
479 7731
815 512
771 6316
185 1663
215 8739
715 9911
429 3761
488 5396
592 8498
621 6913
693 3454
284 832
11 5276
279 1111
147 5381
894 1916
1 3721
444 5288
32 7411
611 5641
496 1991
58 2151
622 7176
488 3371
472 4511
711 7862
675 817
552 5111
551 6137
316 7578
8 1833
393 9235
168 831
218 8256
811 1717
4 3816
985 8892
427 8681
617 6511
716 1651
498 6829
726 6536
563 6819
472 1996
816 6791
612 2176
515 8298
731 8415
625 2991
232 5575
167 6411
996 1747
469 3618
191 11
696 6253
552 821
218 8516
694 1212
713 4197
398 5343
15 141
797 5322
382 6578
599 5257
53 1583
641 2492
684 3777
761 3428
956 566
768 6145
938 4671
398 4818
972 437
736 5694
875 4183
413 9831
141 1311
721 7614
1 4351
341 5212
251 736
2831 92531
7254 35971
7198 66291
6927 86311
9143 21261
3832 73621
264 43411
7111 94321
1953 51111
5711 78991
5914 82451
3397 12681
7183 2721
5463 77611
6741 77611
7314 13811
8595 13111
1645 84851
4828 84761
1954 25131
994 37581
3678 33161
8997 15911
8426 11251
6517 91781
1113 35141
9497 41581
2925 5451
1814 26371
2412 51771
9139 29511
5481 51591
3826 7961
5143 36721
1837 96751
7119 74181
5634 31151
1741 52141
857 59111
123 96881
7228 89491
261 41361
5942 92191
4748 88361
5865 33211
1587 41391
634 96511
4861 31791
