5550 6386
27 922
6613 6693
1875 1886
6018 6818
1417 1858
3381 3582
4273 5099
5570 6343
357 774
2870 3249
8168 8725
9487 9660
4711 5623
9393 9441
6823 6861
963 1110
9937 10409
5022 5205
1122 1318
2410 3373
8127 8944
7134 7865
3325 3498
8330 8398
147 505
9616 9935
7037 7184
3329 3644
2732 3305
7110 7629
8804 9214
273 539
7618 8515
1338 1788
4051 4440
8389 8432
823 1141
4960 5384
9148 9944
5710 5722
8473 8652
5977 6204
5280 5468
4936 5312
5775 6774
6883 7211
4005 4836
3108 3475
6710 7464
3552 3994
6640 7128
6857 7705
7270 7577
2454 2792
7271 8268
140 756
5302 5666
8157 8657
1173 2098
7856 8154
4055 4484
4527 4800
9236 9594
2110 2213
5986 6300
9664 10105
5533 6427
7332 7719
4713 5701
3960 4474
5860 5904
8398 8615
2435 3027
8283 9220
771 1207
1599 2486
5901 6506
9064 9278
2794 2875
7204 7766
3869 4598
6225 7016
2739 3228
580 1005
3741 4672
6559 6782
9104 9404
6221 6703
2638 3247
6777 7279
5013 5883
344 617
661 1347
2341 2571
5483 6276
9031 9814
2539 2730
2548 3337
1501 2291
3859 4466
270 275
784 1243
643 1401
3355 3446
6542 7282
9048 9648
7986 8583
5535 6318
3284 4182
7290 7299
507 710
1605 1829
4436 4780
968 1315
2611 3167
4725 5389
6146 6949
1304 1949
2496 3002
9428 10299
9793 10634
3206 3482
4475 5194
8547 8952
731 1695
2311 2956
597 1209
5697 6433
8399 8849
6113 7070
8547 8983
6206 6381
9935 10044
3511 4224
9276 10188
869 1687
2666 3140
7317 7383
3490 4424
3542 4518
629 777
6633 7281
4425 4571
784 1066
6469 6791
2321 2330
1925 2589
5087 5189
6188 6784
6184 6265
7569 8366
2622 2889
6994 7664
3199 4097
8493 9406
6114 6904
7028 7081
3492 3908
7804 8319
4260 4901
5755 6247
2879 3525
9484 9771
7514 8101
6339 6763
3359 3910
5491 6308
8883 9768
1610 2112
5236 5575
9645 10472
104 1076
9347 9398
5977 6874
9829 10480
8366 9355
2042 2617
3468 3738
2811 3299
8439 8488
6345 7010
6951 7681
2607 3232
3697 3741
3872 4115
1780 2185
1594 1599
8189 9087
3599 3697
293 757
751 1026
1877 1937
9103 10023
7784 7811
5945 6569
6352 7140
4051 4793
9166 9509
3783 4258
2950 3249
8706 9111
3424 4215
3338 3547
1653 2492
4522 4827
9694 9937
5701 5966
3463 4403
448 1314
4050 4748
3216 3714
6212 6825
5333 5805
6459 7092
3432 4269
4626 4929
498 772
2835 3599
4873 5323
7177 7601
1608 2075
5393 5505
808 809
8315 8334
6578 7041
8783 8838
9568 10116
783 1001
6579 6691
4814 5800
5369 5866
5835 5887
7651 8365
3685 4418
5068 5715
4237 4594
2283 2755
3761 4566
2507 3159
9628 10299
4062 5035
3029 3641
4045 4529
7013 7942
7086 7191
6383 7308
5560 5915
9904 10121
9457 10208
7764 8622
2305 3070
954 982
9340 10046
7366 8355
1988 2139
6763 7305
6665 7161
301 771
1222 1944
2809 3640
4977 5795
5915 6383
1078 1743
5286 5661
3894 4842
3155 3436
5505 6062
1837 2601
4751 5683
686 765
7165 7636
9274 10220
1998 2240
5084 5755
626 1037
6820 7099
5497 6021
6699 7108
7795 8455
1744 2257
8315 8853
2982 3495
9996 10247
6658 7336
6908 7850
4964 5276
4391 4716
3899 4611
36 489
1390 1823
381 751
6835 7514
2539 3167
3194 3319
8460 9307
7730 7986
7366 7667
7199 7790
5774 6577
7235 7695
1772 2005
8735 9152
2957 3427
2999 3565
4485 4961
2582 3053
2814 3268
6902 7047
706 903
9721 9784
4669 4785
5656 6572
9321 10271
7775 7838
6629 7171
5314 5858
6063 6146
5998 6034
8296 9174
771 983
1840 1967
8361 9274
8190 9073
9742 10415
7951 8811
6911 7033
8541 9320
5759 6382
9368 9710
9790 10087
2761 3450
8113 8149
1160 1299
9704 10621
2133 2799
7215 8149
9888 10763
2487 2983
2707 3260
7729 7777
2782 3120
5150 5996
9024 9449
5692 5802
7343 7910
6038 6780
4994 5267
5680 6648
7635 7772
3367 3557
7352 7800
3572 4431
3894 4183
9220 9962
195 1175
854 969
3844 4585
3922 4186
8658 9104
37 407
63 1052
6533 6711
5211 5687
248 1194
8415 8523
1003 1145
4940 5040
4521 4966
1726 2285
1842 2364
554 819
9791 10079
5187 5892
8167 8677
5033 5182
1537 1661
3758 4077
2170 2305
3835 4450
687 1180
6453 6508
5175 6136
1383 1918
8973 9655
3750 4624
2722 2837
3596 4120
4296 4327
7694 8293
2559 2612
2501 2519
1673 2362
7014 7898
209 220
8305 9228
3975 4618
6594 6624
2990 3443
818 1308
9542 10224
3767 3906
3351 4325
8207 8226
7193 7368
5085 6018
8430 8947
4634 5417
5111 5353
5483 5872
4084 4119
4574 5566
1593 2031
969 1406
6472 6800
7053 7349
2636 3619
2891 3593
6970 7439
9883 10480
5956 6622
4094 5057
6539 7119
5666 5838
4288 5039
3538 4164
8097 8180
7957 8098
4470 4663
7676 8429
8517 8926
3363 4045
2017 2801
160 1099
7900 8753
626 1511
4197 4432
4551 4868
6583 7467
9557 9949
3818 4031
187 369
4356 4763
9051 9098
1347 1436
5221 5469
3158 3871
1284 1701
667 1311
8990 9772
9808 10719
3155 3425
8228 8283
6039 6105
384 797
7760 8624
3545 4539
9528 9825
5325 5675
8331 8397
394 719
3371 3992
2525 2917
5184 6039
992 1593
7699 8033
4914 5588
1926 2308
8163 9016
7740 7906
3373 4126
6321 6696
286 678
3316 3853
5482 5776
6634 7156
9247 10047
7834 8057
4502 5151
6897 7132
2876 2925
9403 9440
5796 5802
4292 4399
2119 2316
6399 6872
1430 2163
5768 5918
1203 1902
8223 9042
9351 9947
3583 4097
6865 7630
8525 9125
873 1803
6945 6984
4664 5325
6938 6998
4887 5181
8910 9732
8192 8700
1952 2328
9778 10153
462 1159
6925 7095
8258 9159
6565 6860
6961 7473
7398 7449
4112 4998
888 1826
1254 2237
1876 2848
602 814
5977 6663
3721 4353
2377 2732
6378 6907
7055 7993
6459 7406
3075 3113
7114 8014
6326 7173
9036 9481
5220 5664
3832 4490
2189 3120
8171 8922
2408 3047
2037 2912
9712 10083
3645 4412
2215 3190
6176 6707
3177 3958
7449 7613
4699 5687
7100 7769
8555 9042
2460 2777
1086 1534
4046 4409
3154 3444
3941 4605
1174 2148
3616 4022
8411 9172
1038 1163
5998 6596
5978 6818
9296 9655
8412 9360
414 972
2163 2915
1125 1461
1726 2583
9725 10698
3170 3646
5370 6138
8817 8886
3202 3876
2050 2754
1018 1089
2045 2298
9620 10333
6988 7360
948 1862
5112 5305
6354 6624
5212 5616
2530 2719
2083 2418
6561 6801
7896 8113
2379 2430
4724 5488
8053 8529
4507 5077
164 644
2922 3562
4529 4617
9001 9758
9107 9125
8967 9213
5471 6127
462 1214
6935 7089
1603 2535
4659 5047
8542 9332
1615 1985
2624 3391
6296 6576
5562 5745
6818 7167
505 1245
2359 2763
779 1249
4374 4831
3658 4581
2949 3478
5696 5949
194 911
6494 6683
8606 9011
3728 4229
9772 10759
4015 4930
898 1643
4333 4363
5039 5205
5408 6076
3559 4138
1774 2700
3922 4000
8449 8891
7483 8029
6177 6385
1224 1731
5363 6007
1721 2466
6705 7286
3651 4501
7061 7377
3901 4572
9489 10416
7078 7249
5521 6355
3563 4105
7626 8296
4838 5100
8494 9052
6159 6603
2908 3552
3905 4224
9418 9477
8197 9192
9476 10450
6416 7253
6954 7112
4618 5024
7616 7630
3927 4432
906 1226
730 1143
951 1441
1285 1465
2355 3269
2551 3370
4553 5406
5066 5961
9974 10671
6640 6696
5442 6433
5994 6062
4495 5222
8676 9175
7055 7912
5576 6453
8101 8239
9970 10177
6640 7017
1772 1921
4342 5148
9184 9442
4450 5315
2712 3441
4740 5623
6361 6484
1279 2260
7983 8116
7788 8214
7561 8364
9530 9994
7110 7386
3267 3595
9524 10404
8109 8463
4097 4718
1598 2246
9827 10306
64 584
9172 10034
184 663
2609 3464
4969 5380
5344 5717
9361 9568
5010 5493
4048 4427
4967 5599
171 734
1285 1306
1719 2274
9849 10598
7562 7871
5070 5347
3516 4332
2407 3357
7441 7666
6785 7751
9627 10044
9289 9583
6411 6496
5946 6695
1022 1660
1310 1904
8738 9380
5264 5992
6024 6834
4582 4972
3644 3926
6053 6734
1691 1821
9919 10331
2222 3068
3676 3886
9139 9539
1970 2720
8338 8945
800 958
5691 6163
3252 3915
3404 4007
3636 3830
9253 9456
3815 4422
2505 2685
2870 3736
2367 2694
3985 4015
3297 4188
2838 2880
1603 2593
277 732
9534 9715
7201 7226
1864 2508
7780 8780
9447 9747
4986 5326
9178 9787
2708 2892
3000 3815
778 1220
9664 9862
3151 3391
5013 5153
8105 8471
2219 2575
4890 5487
3450 4313
5614 5738
6675 7453
3829 4155
6736 7049
1863 2191
9424 10210
1068 1540
5054 5471
2174 2457
9421 9850
141 649
255 602
6600 7005
9628 10207
6420 6981
6522 7494
8077 8598
3154 4112
6931 7143
4423 5197
2845 2973
6982 7141
258 954
7332 7348
1534 2397
7465 7483
2498 2637
7545 8424
13 841
7357 8202
7522 7768
3500 4234
2026 2201
5051 5592
1353 1544
1457 1848
2229 2732
6214 6355
1231 1578
5234 5703
9628 10140
798 1453
3410 3544
8113 8418
387 1300
8976 9928
8201 8451
7387 8100
985 1767
5484 5760
7245 7525
9149 9940
6545 7452
8197 8671
8822 9618
6851 7387
9725 9915
5101 6084
5812 5864
7186 7496
404 723
1244 2163
5417 5823
7070 7568
433 1009
9651 10512
9038 9227
3175 3922
1417 1969
5858 5867
1380 1767
1148 1890
283 1243
70 596
8778 9511
7578 8050
8681 9438
9325 10293
3293 3941
2299 2591
646 732
2236 2912
3228 4018
9846 10437
2732 3135
8683 9445
5638 5909
3417 3994
5397 6202
94 785
8640 9046
7791 8356
5290 5817
1960 2620
6389 6815
5893 6566
1859 2737
1266 1615
403 1243
8034 8680
2747 3233
5577 6441
9775 10473
4182 4985
1860 2038
4538 5506
3030 3735
6996 7098
5760 6739
3614 3855
492 582
844 1502
999 1516
642 1226
1768 2760
4107 4709
6904 6975
1472 1880
3056 3278
5802 6526
7091 7735
7534 8440
1719 2571
2867 3055
6866 7086
8062 9045
9052 9490
8512 8673
7581 8500
5928 5965
3114 4079
2111 2859
8262 8427
4551 4754
8026 9018
7261 8030
6538 6611
2479 3167
8248 9213
773 1405
1852 2290
192 1080
7019 7141
5914 6882
7181 7203
201 456
9769 10273
8074 8819
4677 5222
846 1124
1964 2785
2213 2855
7950 8931
1864 2312
1084 1745
5185 5701
2724 2929
1963 2900
4974 5464
2474 2998
7184 7263
387 497
5714 6654
7847 8227
6635 7193
1905 2372
3598 4423
1145 1230
5245 6021
4812 4994
6353 6677
3603 3672
7152 7475
5160 5627
8728 8861
7321 7552
824 959
3737 4483
4860 5388
4310 5309
2758 3668
9423 10410
2798 3039
2999 3977
94 611
4822 5186
9169 10168
9722 9906
2300 3297
3045 3705
4841 5653
9152 10024
9189 10027
6255 6333
3895 4595
8323 8453
3724 4146
6989 7348
6237 6850
2406 3401
8532 9212
3277 3719
3414 3612
7311 8129
7293 8192
3522 4168
9491 9560
7967 8089
1786 2499
6167 7031
1939 2828
8306 8634
9215 10147
6091 6581
2495 3266
8491 9077
4334 4889
2383 2933
7722 8363
8217 8878
9398 10321
1444 2013
9731 9919
2074 2816
4007 4846
6848 7596
4206 4745
3561 3904
5912 6509
6806 7457
8289 8654
5008 5206
5036 5256
8699 9401
2540 2656
1359 2108
6965 7679
7826 8553
4648 4877
9713 10019
4435 4484
8442 9259
7764 7838
5434 5541
6326 6653
6142 6450
3403 4128
5493 6278
