58970 672728
38033 986941
633277 355412
554432 663076
901470 174072
223693 645090
552481 570734
838387 162672
358746 986613
791020 457564
737621 185425
502778 854292
294224 528670
570715 327894
349240 89295
763713 719334
850633 677565
840865 670559
801753 194758
442903 908374
144222 714266
834136 915448
116813 546268
167775 139465
93934 357881
645003 700762
87678 75008
435603 481620
552768 115766
449648 26897
724209 38022
794948 554560
68244 940063
769327 262773
270753 947730
934714 284134
233121 87094
581884 564491
744448 786582
731134 241879
725922 508009
868010 952738
193911 711161
803707 634188
313885 918535
5139 283925
265267 424995
800260 963193
653392 577465
167504 814850
598568 722594
342552 347138
579693 512612
78105 116931
780144 300874
666234 247054
293128 993808
661293 808532
930850 833560
398767 114619
148386 602925
928302 673817
16889 317955
87071 916898
935297 225519
654310 961996
115633 395983
243265 871272
654435 313162
104746 659589
438699 766993
37125 551449
66368 894992
872782 923610
62957 416
956504 536634
832156 122557
558430 399354
922521 433874
622894 164845
979350 295870
498287 513041
862493 772352
797784 126563
722356 74029
537607 438622
334678 276695
222504 783703
952899 91010
404909 679374
78088 852250
998935 100609
314384 860805
929050 158159
547597 950503
987800 145476
425180 732446
407201 700092
83160 924255
759488 243946
223857 642633
327998 528552
66604 113281
220749 403064
436401 860636
445376 868537
424216 404386
628554 375061
618710 19574
768707 953414
849543 198199
67294 731705
21983 354076
283502 199474
457470 336850
770344 777149
448467 830816
557888 220661
864841 938283
934719 587634
279126 500075
951387 96134
965672 648254
66666 291915
590086 926373
398960 568259
787051 680968
693405 649982
436339 208159
689623 348781
840615 353785
833449 982929
341870 347133
529540 483195
390413 450275
204440 572022
808232 727618
372433 640099
185892 524671
240114 442745
429870 684575
195599 447806
512510 953722
369490 708681
853770 22626
959992 111113
717584 282652
657747 762224
190175 968394
633586 213265
380466 940625
60685 274803
891966 179180
235034 3380
609690 838572
39821 709353
612793 645505
947109 244841
795169 220213
15557 748581
461264 596612
486705 651027
749134 850034
546513 271462
316913 453302
986347 278
197880 441983
117931 399497
644679 666275
357536 485892
68506 569827
579482 779732
688625 296044
631656 700821
636002 419791
381705 842388
554759 385874
555458 290301
960356 948744
742410 267115
241682 622971
990279 632828
106959 116955
579710 289201
140850 476634
511270 935958
161050 980815
246653 781327
369252 992201
260100 286998
625341 962536
289193 704293
599953 978685
451608 51287
69002 5592
316325 96293
827389 304122
711875 701533
380910 311845
600345 766774
466461 461386
151466 937197
972521 728607
145475 456434
548679 963501
89322 644657
859586 465252
708397 469133
405988 254430
116487 971570
432272 761881
928361 372366
865047 830645
989799 457370
768042 874721
602341 752806
803489 237208
154814 319552
61586 773911
428241 942836
560229 332139
317188 785506
721265 623760
592075 48970
788640 944722
513543 78581
133386 746816
789369 368955
743608 480177
65442 133338
277693 90301
438113 381193
243241 54486
578566 33464
193836 270494
946278 48350
878710 330603
268373 91165
706099 622251
569616 883385
810231 901347
105050 719866
662487 43049
349937 562785
388554 932881
335179 154251
204301 415329
139994 796030
193073 828662
890108 739649
855105 227266
277595 154714
132123 22026
13602 560739
65196 166883
396612 827477
484901 254664
966274 432781
809667 745113
726090 870795
406106 177294
673308 833963
55612 342854
954286 542586
584316 934051
874806 979056
511249 687010
682356 127460
485999 706932
407419 369582
30425 520233
217184 433568
157076 742651
106687 657776
104118 830616
876577 132569
32356 902203
804325 279880
815484 946408
843042 639577
553017 992046
333474 937851
551300 653666
266348 806893
313167 880948
679934 676107
318738 208258
629845 737988
224736 978671
356275 87544
929201 579602
77138 142327
167444 383827
806161 441623
381746 233948
462773 173192
458033 30302
18400 696122
657987 560353
241044 65330
356716 903016
374758 788035
267917 191926
78195 122442
608197 377790
434791 835668
743964 15183
1672 22710
262881 883131
711007 903175
507439 597296
2390 156807
932246 100142
943393 288655
228983 998019
319327 933393
9584 69887
889139 432008
227131 711344
21021 96023
539597 973587
754913 168782
980551 332075
172743 148115
854220 441992
580335 602148
917127 999003
961906 816004
174676 313174
299774 616785
713439 888384
135480 732295
719976 594037
287957 39364
66875 666922
379006 55375
122005 477954
143059 154676
511890 858452
579262 409820
874515 285961
334268 997476
854256 375289
959168 235739
860093 775836
354868 148221
607797 86284
457556 859554
489304 819070
280190 599125
479900 88616
369371 670472
721281 695179
999100 777467
795288 53932
567049 934217
637243 41463
6908 164267
803552 704040
260309 896610
753390 943157
372063 540267
270411 769573
791405 532480
447703 459093
933074 942744
353275 606035
544757 640021
31127 594623
813454 65192
634518 920293
968916 775451
87966 144011
195722 632082
740949 361256
970857 61271
429369 406612
561614 26918
931611 282565
777078 209217
58260 539414
109035 668400
931451 175453
220061 143
43202 906504
635110 124133
545479 80989
411178 37051
237503 12615
9248 903590
437982 509906
438547 537846
209344 613252
589153 217296
58777 423740
145672 407246
398817 752719
567933 521161
658981 638847
591446 899131
274847 767738
848807 185604
812687 761300
4359 847399
400027 391092
208835 547847
366039 897811
292620 293499
739354 994825
506446 657947
796246 945864
251540 271818
48365 757685
792119 364483
669532 100149
339766 437567
757191 330605
903179 607693
589058 292616
601816 396842
516202 527924
752258 22157
655096 175879
231024 541482
712836 467874
336313 854728
929057 669189
773457 565940
75133 676061
573251 71400
978685 181753
293536 902139
768794 78217
4750 792991
246792 686155
930521 804483
377699 474782
676067 140931
92018 553016
323546 533620
259013 440277
519508 962077
776840 782917
991145 777661
165432 580409
225437 591439
443610 1767
136593 137178
34650 542537
521771 693923
747456 146403
874130 22532
424711 223590
307434 80208
781841 555806
255726 386585
548091 676728
88107 540395
195923 199491
694579 257443
221580 740595
72232 449303
817977 103877
759717 261665
917523 608613
962442 137597
678767 678116
579992 34163
348379 426095
230360 782356
703969 540457
456092 710052
965725 622414
140561 884359
975434 145359
277166 984869
757302 836840
584062 762516
573774 107942
951969 475727
755528 878103
295577 250315
943176 145095
718453 137147
874732 72552
774295 215593
563953 381850
140073 587794
40460 585637
995042 979631
853677 268404
756745 781055
714009 883272
813612 371702
818359 752922
416835 381412
631715 619034
604506 725724
89065 862232
566096 569233
353544 168498
88307 569850
491953 426924
381892 945051
964532 938923
789136 542549
928487 566248
637201 222732
953959 702447
897240 441600
74858 244944
103972 736190
705515 630147
228141 168513
709334 711684
217161 122835
432233 810368
273830 843639
964469 504597
958473 341191
307400 618783
661356 615869
175806 734750
209943 953787
391333 38040
974932 54141
61353 901228
793438 208700
657072 300003
747306 354072
506723 232030
715353 589418
631150 867719
199436 367256
741530 832634
805730 52177
419065 668080
379025 343962
898424 849448
87487 746746
119342 730537
567778 953113
309301 171508
531687 223942
60769 92728
897953 955209
35030 840042
217385 337874
931570 552220
229495 668744
346294 420777
174497 138614
417606 77047
547965 695536
698534 515426
273378 425503
247582 555239
886019 648266
389258 467363
807970 178109
359605 716453
305535 696886
986482 344639
28665 114088
337396 520920
755415 812396
656575 370819
471219 707158
890643 691023
756507 950209
525126 838056
415965 25945
759542 147362
691099 743340
903482 808753
606637 865224
134018 754762
98556 667096
738088 375700
414189 913403
426574 592565
592052 526728
209116 798269
253950 837726
856561 445989
596447 76405
350121 62355
866063 495959
5049 527991
623534 61742
278489 223957
756203 286445
816625 696138
36032 90493
279405 857733
735763 748981
490177 643589
636644 521439
67809 570511
713457 61418
670420 498535
17460 397621
223634 728841
805728 254773
627722 903011
782515 584268
342098 400544
648339 795493
912115 287864
403012 699437
758560 659201
794217 982796
8504 963577
467015 679892
410536 24399
4967 431917
991034 135744
100514 785696
22429 826839
338 968707
316734 512773
581187 212054
999762 218318
617100 646869
95918 746863
592124 217900
613149 561997
641215 728843
883855 651927
368517 367726
118931 74237
356814 720967
516716 631104
513650 913370
155074 965572
699449 999466
406388 882444
158068 423707
683090 873336
681631 821847
728082 90501
635916 106696
737938 597992
236227 527256
112931 25471
775159 183467
659758 741854
31805 116366
90150 164518
562548 723971
404702 158485
123706 973355
862231 886362
259367 831987
128619 164946
443214 713546
861810 380327
582969 758190
122751 525472
968362 208555
297898 178588
445445 952769
516397 861069
999175 329880
726363 659347
178616 593942
695344 749679
971110 854106
237384 407023
684509 859266
363531 860795
959690 301483
997773 211837
582188 613723
695294 994058
119271 306764
68367 872822
661787 265072
285354 355578
326892 42529
162029 153072
902839 705699
350790 461105
344877 436556
387604 755857
651348 972071
252526 314355
868912 999300
665806 242420
690151 700928
480270 997374
179856 373918
37620 717011
173406 98047
37119 815751
128999 774437
712621 614282
561151 248543
198444 39193
870909 101642
249382 208282
337108 218682
693043 446229
794582 847312
800630 501500
922807 461173
939300 990078
228642 891664
742074 749263
283370 544760
757662 64455
721241 652366
771499 925909
471704 805764
557214 437842
797138 504304
744134 909032
290797 910207
714911 929738
977007 914384
312321 202696
469958 557172
235668 877052
627778 427509
42686 773285
46484 971899
150729 702630
747362 601812
375697 754526
783394 521604
94509 793777
722202 82995
721304 747099
533404 508265
909216 276492
601843 116974
179880 289933
617898 994825
535169 522263
780688 69015
509551 120677
659561 985653
984588 938935
682444 460877
630642 513519
346305 550842
175761 305621
745705 941805
124039 721510
17512 192298
665118 174430
546664 687221
546649 142339
3658 664957
280021 810632
159143 30299
316705 655494
986647 683986
287545 519711
114026 542849
105168 820854
273645 752070
450455 929443
416616 945687
145517 764659
310851 657614
663561 165585
608497 34098
899117 868382
944766 247492
595339 109022
464299 488268
559828 156577
252518 716572
551720 406828
57003 951744
549251 26609
451244 79216
954791 490105
958549 941496
583762 960028
615171 8679
420066 528090
781809 301815
759609 246755
76505 439092
36035 744040
8964 223766
180585 62707
919346 751688
418224 604111
437793 539462
678504 138621
322931 825232
11126 121120
317325 23317
723279 825967
448767 539844
331216 130522
481287 297181
974436 425287
161137 736140
538624 535721
233800 299542
657159 523179
74928 142250
737977 635167
660517 591795
209068 938494
63179 52013
83764 632359
69781 875393
951322 457694
784881 954607
354635 906091
815067 650405
3878 73690
132280 348262
177292 715386
541213 736061
446087 714761
733133 510866
113916 242139
854483 523437
983345 495716
537693 800101
991833 597791
522253 791974
268380 687124
317601 8486
264988 275072
314827 296601
223206 390805
847443 763656
148983 435549
582351 103561
654120 144914
501245 558157
475591 759974
179595 934449
370277 727429
187438 556992
30275 515717
766776 238576
165916 685331
550998 686844
447021 283509
156026 190744
906419 541550
99805 444970
586849 176075
982321 623985
389044 636998
135410 302137
430181 79005
325105 115462
172045 13083
164439 944931
423772 152884
438979 66046
862151 22533
232797 685805
873146 569604
979695 415677
52214 508660
729640 568461
42460 742359
54714 773598
461095 765581
95590 540864
718240 475935
42183 938428
413823 830609
366900 275812
249122 864638
849318 217840
880997 170716
466594 476326
937201 630801
11485 427111
452926 789729
651742 110730
820456 623616
881987 786942
666886 21953
868078 161764
590546 376412
430123 196132
103807 326920
798448 156792
690529 195420
352189 162424
525188 536138
656547 183397
129496 942626
902790 227837
166034 484934
349864 273776
6109 479335
336948 221752
911860 917669
799563 770664
72657 58351
647837 791066
828044 78706
778463 619725
690989 455273
648637 867106
596105 813888
251197 48440
104203 769734
893292 727167
620097 374734
335370 817911
321185 522026
590649 401121
35832 330401
259031 703680
222903 238591
987505 909231
315552 154946
940353 253114
521010 528492
254617 864393
664569 992894
199175 170633
907190 901055
111158 981363
707652 779755
584979 805333
696842 443746
513153 940726
404706 251595
847391 214132
886614 184736
373523 531270
446740 442070
713557 737276
231354 682396
902851 420046
491841 74478
276397 879672
692651 565086
242863 595174
952272 922695
478887 155090
626612 263006
442 153310
84727 824689
254113 602581
787034 125909
590962 928486
159790 758747
960861 111132
926669 608223
134353 817768
465426 537810
588965 363348
184558 805446
804547 564643
198744 24187
597396 144897
260502 787815
802688 489975
24040 761041
794167 130435
208917 212802
596080 8296
727997 185125
563264 273406
531658 462172
359710 233561
281550 982754
459614 878313
482245 476304
831194 744863
401525 557421
114397 748453
839486 902652
694297 931103
160030 510206
664352 244027
994705 800763
484006 156588
31515 741957
889250 239564
866059 138548
573867 238736
82143 983429
489868 312152
683166 722175
631165 783112
888096 92057
73465 431657
750555 471563
681450 341739
997821 880295
711124 582263
109292 746014
26397 857190
