1 10
100 200
201 210
900 1000
4 4
1 1000000
3 1
1 1
493453 614177
335876 776874
244352 716512
539311 6220
306926 298940
70582 786352
839534 661671
760726 367840
921030 46547
901832 669981
619592 385501
310396 219057
284552 303562
735096 823113
389126 888733
926203 451629
257488 769087
713100 211917
555383 64933
683681 427738
373079 3299
750737 989493
61841 33838
932936 907933
421604 925276
644072 723861
462691 16804
915984 49672
338524 346072
104874 646101
412820 986089
776569 190313
280463 615335
842054 867782
718843 270653
373503 865528
684883 713545
539309 299907
750718 58175
713266 28035
542396 392460
880025 198021
831752 117708
214603 239994
826963 746508
606988 131669
626585 341099
719617 514929
386846 669407
624234 486415
510891 14222
714256 325416
401092 851584
504995 125482
521744 270412
674787 785013
860044 807405
857861 164295
281726 743389
49242 781369
717766 689767
861564 491575
628486 405942
535115 224263
641086 898336
368551 651551
137547 54951
248552 720308
240883 154391
476631 430398
432060 690006
437266 229608
725627 245170
158230 956285
175086 226721
514911 277030
700360 846043
427316 648934
630171 155533
686001 784271
378978 324673
399073 640805
609121 968313
636363 692077
593416 736522
134226 20451
344611 162962
112297 246758
522173 510946
70237 920597
212159 952477
854732 151665
85118 887758
448725 573583
181723 24228
128448 786496
773646 497990
979931 427361
164119 906708
656761 175363
491178 35519
830202 572455
661464 849967
543976 937027
232549 565486
873540 519182
781029 259328
365913 50496
81845 352836
626220 886623
52325 431452
802295 25196
65225 50873
584819 609622
915563 690893
227330 878182
78220 796158
106206 126157
298268 101826
798060 198089
532137 345229
133864 185818
862846 293693
407283 781989
935501 172036
747697 530506
582591 466364
851223 519319
462556 377565
423074 230821
473204 154258
390617 415919
9154 1105
625256 726775
288198 756838
670846 603671
934073 521953
683155 572371
593301 744459
894405 884150
741584 714246
11479 153986
872238 24724
136981 897972
255145 269247
649846 111443
234446 330719
644905 420318
404071 374411
511299 125636
427011 701628
497333 974374
209770 981226
495589 14804
392421 571763
114317 583022
607137 787887
412309 14827
578449 716825
966893 72683
685555 312730
418296 283797
590805 958492
636625 363223
380174 190283
361661 345943
977974 258209
259184 109268
342604 317871
683105 994033
606218 730288
265111 968913
751617 463432
314624 845668
493512 958573
516978 771373
243594 753164
993162 235268
336088 545026
277287 669723
731991 561155
295182 896207
947039 211697
38023 412678
841529 252356
842662 243210
561307 648312
259813 477455
558456 926619
907344 977396
989997 230613
622681 657037
319053 230113
165628 216288
163666 483980
74859 973666
134392 155775
698030 359383
842117 452579
44057 863021
672350 392406
654120 78044
371775 795694
94689 125085
922651 217794
168629 132050
172659 507318
700899 262840
521657 703449
928321 19003
498952 533816
664075 634147
534357 820513
260545 217384
617190 838089
623692 607686
356212 773424
233399 646865
584823 66100
412262 657300
801000 57354
59687 729316
896638 785315
388319 758390
216691 967825
481384 112720
965800 808983
47335 634661
474536 813088
99274 937221
713183 946996
623308 833415
64708 794701
718959 708319
254317 730206
405160 47839
849437 489415
254083 246903
571419 656810
927088 14143
296429 451515
311228 758732
199416 703182
73773 353027
975854 194345
111149 179615
114382 73527
488410 326323
430076 785370
168014 648489
202405 680973
735351 525618
245045 273799
974003 545042
684772 418647
256315 567999
765548 361031
2351 864337
24729 687750
51243 498734
186565 529854
946782 508064
221155 712882
504400 803525
986407 825172
917119 937072
453696 271512
403009 738904
812359 228743
644474 51161
666291 526578
489643 664436
805674 475834
819370 941511
452301 117725
92806 777522
454603 155407
79078 89097
860579 234071
131834 171997
807778 746454
879561 380172
903527 653531
512978 787366
785310 345770
566769 32740
539448 382532
309743 892009
518674 665933
116707 221155
69979 924752
810084 947019
770616 703667
299709 739095
704032 840975
964420 887289
321748 947944
798704 986124
294415 177363
430415 206564
172944 781512
342145 544553
550170 646343
994599 453530
696851 590555
446103 613994
715104 485816
938281 40275
307809 182955
970922 738606
117508 987251
400722 11937
415027 849930
933241 864658
143908 57276
937453 610515
745711 15137
171579 107847
491564 241337
311926 905287
143675 896839
232805 969316
411318 659336
444653 775364
448518 182101
378502 374362
436780 387913
652481 337674
268616 337680
823315 750145
37922 832742
582550 181578
820695 809542
309650 218302
456177 520747
107359 146593
472550 6383
393816 915484
702576 384323
94077 159715
202404 854550
176903 878801
326088 211949
786740 42039
360118 417768
727398 676209
98741 663465
220935 392413
873646 929502
265993 863089
331952 768444
406961 762245
121816 548087
58763 47312
197112 990273
303638 688151
539646 85544
877306 781312
235239 463421
934609 558287
522640 82726
74570 77931
395919 163613
900794 40461
298810 175155
587444 464795
179518 897785
131924 339793
400021 967181
888414 339100
879721 831206
676646 501324
851207 829544
414783 852692
8960 422349
275913 33304
765196 720339
119820 758227
37337 142876
520254 875892
529978 816288
153312 666534
506177 280348
30584 335312
331549 717697
529303 151018
43787 176995
828544 203040
503521 904802
880967 164146
948993 398297
197919 131758
24366 323540
434876 988176
575965 850751
129478 520598
104574 165149
701967 502819
281726 695862
783818 737496
939205 81430
779922 684460
709810 71962
529323 535524
148433 839417
733575 585688
290817 830003
749599 49951
863795 891881
80231 990565
872205 496406
766868 447630
828072 954425
301615 712901
88105 722533
221711 892657
927956 166692
988866 181682
237416 20255
883586 496747
97681 112763
129377 899144
516326 277586
851473 809013
187493 567985
113317 219801
50714 160811
191376 630323
791411 788902
849442 293588
939731 41148
698096 745981
10697 800129
20041 405142
164435 292072
701699 361788
412794 444272
912314 594598
527100 689677
332092 98233
98360 945599
494411 19824
408337 171904
659524 767011
952122 803789
344483 669543
565052 428318
879125 36281
247446 311242
638287 381386
947014 357188
541698 417092
175575 799806
179238 57409
753295 580030
803296 498141
109042 590144
749548 415032
139544 175946
321395 958516
732922 436119
502079 14236
895268 571417
984484 262720
590579 65334
999614 960765
929132 553914
716115 181741
266863 77623
131919 800918
597683 224617
146085 151895
916394 175231
437460 798938
93567 694835
605003 825316
432333 116808
860538 551939
175106 770831
237450 157807
292853 573377
142180 923139
169187 664716
510379 68748
522610 852295
930897 87585
320202 459971
234142 93653
243730 999572
942111 891849
98637 61065
744806 117569
353667 915224
285706 336512
100544 43207
960556 185908
928158 330740
198937 445109
645055 414997
865973 116957
119756 19832
597901 934427
967195 216162
626723 293453
883039 200671
664735 288890
633013 252668
515947 240065
909986 370008
167916 32982
473964 882549
116866 842074
225588 184265
790241 889494
528122 9159
394776 131987
562104 299337
977540 415696
959193 347558
88134 87602
451234 597760
816808 201257
574674 421936
454548 993847
101623 510442
333846 983679
720770 378219
66301 483495
96063 816853
822099 254916
785593 831452
608936 110660
302928 576338
716164 666295
200045 194164
386987 760555
160508 278595
606770 300372
390776 826782
476118 769845
700026 32215
724568 791341
245745 210603
18504 884363
291755 867521
397865 763784
309496 189827
465399 68253
198711 490102
697325 45330
329661 695015
519474 240245
976929 880207
523753 811894
679990 710380
844447 57051
550104 345240
431621 919389
6051 191410
925086 42893
512476 689030
181495 373985
407094 292222
536080 186714
751707 245143
487767 113854
713511 906593
980183 521942
117758 290639
689061 859170
778438 366462
747772 951148
755186 242684
23527 113194
870048 318714
491926 615389
889691 37797
745275 344608
327981 232930
861223 748732
709194 727466
661719 640812
753960 255399
944653 27551
125058 113458
383906 19501
671474 651593
663211 558333
599133 949546
186007 649607
893500 57113
645301 661749
124733 613548
572127 362342
193303 932344
564276 673877
254057 217164
578546 707791
367655 652790
59528 392634
358756 215094
712934 55544
533540 519317
102569 169106
843112 459734
803981 740713
122539 704461
900375 579018
695068 754997
231390 633453
252756 577690
864613 204044
906265 783630
242359 542374
387740 554725
411910 667312
36373 834916
888804 922924
937705 725390
818850 357544
214338 62558
596402 221922
353301 119133
417893 896856
317416 508315
521218 522052
91477 182299
907889 661042
686656 981501
172494 225148
180282 631189
190599 311196
595158 272008
612223 761126
297072 540032
641133 880750
412915 139744
865263 614606
262532 634011
266372 325229
722099 674641
281541 745006
269235 165691
115878 457705
161550 345407
301540 75257
667320 592965
527807 538877
140286 351641
368502 838720
423674 697532
697719 31540
244671 743358
763115 343928
967291 694962
476174 887203
352499 364177
527007 543197
66280 172223
327295 219410
119984 161131
54125 514412
35627 709147
353751 322880
853256 124313
713524 799283
78088 481603
621875 286927
320699 926217
151007 794235
889107 365122
887620 212980
498464 395158
175058 769965
119173 287156
794726 731500
576459 792933
427466 486742
817004 843025
942395 826434
300581 41645
989548 886796
613184 874691
273884 901902
450981 676933
115013 772713
837718 661244
16560 404077
593602 3580
456486 271146
571896 554283
764700 99097
130461 747154
507818 830377
48943 421759
567256 845476
600920 733136
389185 64031
779999 108123
753027 982255
21413 123487
392592 538322
856827 678113
419839 173354
638807 60376
415137 388949
193628 531258
549111 987748
706450 797239
597147 906793
571977 10207
854821 88905
194182 76750
945510 877450
207638 156875
652186 875251
899190 847387
95945 90237
997814 37620
63651 439955
990014 219325
57428 170041
950715 442959
956823 553163
907787 191781
948427 455513
24793 759416
934162 591696
424460 482009
953421 346883
678448 888224
590759 836272
163990 180040
894292 111809
204909 300835
651247 309911
833502 585585
871885 116291
254440 9179
116502 112050
493387 599326
217983 255465
907649 142241
335233 763659
793957 649609
338441 247796
701313 674208
631626 379851
103804 529194
74017 858161
7735 339604
76228 761956
796486 718129
83795 380434
186559 917384
418858 77771
382552 681591
506867 366440
155898 650888
567895 894953
45298 557991
235035 448658
838886 401554
899379 274625
987226 783415
30360 141243
537191 711640
240504 271578
507483 934647
770191 883975
321795 405262
772254 676549
65035 994578
426727 179852
583506 44152
903326 69559
827671 147654
20020 274956
3686 902506
501122 63086
989396 675819
666356 458694
546218 6445
557388 673446
488539 187425
843997 322169
417437 698938
360769 60083
383561 614696
479960 508190
971894 311074
549534 996388
46508 241028
130176 339635
819298 94899
93641 50135
484095 358570
39434 362795
903826 688683
346877 883480
789365 247949
763531 74982
614081 457350
587464 335630
249590 247478
770213 355742
153407 520926
901624 460365
595462 925987
760526 847028
426792 456626
205140 84035
77544 466163
733264 668326
342197 730682
241731 131243
613490 937203
423594 568959
790665 904853
752052 210455
541833 320960
555710 519511
321847 57809
939567 973623
650221 104314
293008 804316
437803 567008
840351 293815
434504 247236
25633 600956
148834 817964
180671 167739
320724 362292
352905 926338
242125 472713
33602 872866
225786 753260
980273 176767
494361 670003
49207 839830
128689 169252
563296 263337
969136 806908
586349 44494
14209 283223
849443 699583
589387 841463
80186 189577
317517 830768
752962 911148
661024 25360
696783 191677
2805 783194
77518 162921
762144 281996
782699 776752
53171 514488
405822 394031
750730 692896
96351 599898
827447 265890
7559 683749
253928 22317
222177 399682
196662 334533
300299 676527
6264 63417
500637 898352
420234 326239
302454 388445
579800 811684
83036 453146
314612 744984
604298 560461
676881 867002
713804 524949
229345 104335
540017 874560
154222 200676
603856 191427
525165 208547
839645 968308
715432 828568
24574 963992
743861 543259
19406 623458
327930 159105
983764 203081
940488 362227
935426 842150
318777 99553
734161 825910
957477 87538
488470 603733
699723 178925
284867 853207
933727 607252
552003 705664
495860 902263
249116 42196
506667 511067
591798 745807
253384 347206
495067 968295
975548 62546
873018 153002
595533 612336
346972 927035
629443 722701
28276 538271
315461 671120
952166 601042
193657 743751
929785 854358
608571 855391
557505 803208
857673 320775
658230 806160
890705 941506
237479 535309
886583 613697
882036 360230
293768 828281
272112 431926
854656 19613
406755 101351
410517 299195
680649 150459
836406 395026
952271 123165
734074 676550
749741 892429
92908 340176
681595 410049
314571 960868
765397 602419
241411 934778
584532 655625
832618 119401
664047 674155
1349 504785
906934 261095
636336 933159
431196 114385
620923 494611
915943 522611
909303 912576
939762 23935
918585 599261
453074 11608
285183 275396
760222 391077
794092 498966
423393 157939
948505 320114
525354 116705
149741 471041
164118 59362
788201 15387
354414 560366
218794 650447
938044 310357
859291 174004
304744 455009
937371 697286
620110 792112
13720 356602
235549 296041
333304 817369
779827 28362
368939 87159
696459 110327
709259 367786
23774 383907
264326 375814
940272 249393
281679 372840
151317 71291
265422 555479
744863 613143
195282 472899
390527 776412
437136 498438
975205 738552
393815 740487
701309 719078
862441 308510
964139 764893
171619 177772
305248 81311
244397 965927
825938 160862
191849 627006
439910 390642
594595 539200
472692 723558
697313 78601
84509 872061
511587 929150
624750 451650
