65219 37435
99543 21917
56401 60793
33526 75339
57449 37035
48517 13556
82890 99427
70393 23908
48105 69060
46469 5608
32599 28936
18964 98502
61565 90446
89677 60536
25428 57337
29609 23513
65199 50883
58953 99178
65767 692
17890 47561
13714 54403
31321 18209
36485 21838
52234 35783
56673 33983
22493 82811
77168 40699
63791 44782
8542 98335
10257 97547
7605 75990
79357 63015
42376 69339
64461 38286
36899 83542
72321 94328
97274 24989
54362 5685
85139 76665
37217 29925
70207 8184
8951 78724
2162 46326
43567 86380
6338 38482
37703 7522
18278 49710
44283 83460
7580 99624
44602 93270
99139 63414
3330 84542
93101 21318
91820 12342
30282 21535
8469 36063
488 9360
73972 82185
27283 1486
26251 12255
62301 69144
49005 44739
7964 98728
76224 66492
41955 53196
14056 40663
30474 98719
93177 27746
36499 29562
99550 12162
52009 14176
25452 50797
69922 16858
91620 15163
2733 27411
62579 75779
72862 78539
81438 53502
61775 82553
15070 23924
32448 8514
33670 21667
78903 16171
8416 84508
793 85446
23631 1008
43294 45771
69308 65710
46738 75295
13923 19126
4809 79780
73261 97399
56303 23094
30816 67650
55939 98126
77097 9496
3130 16088
20954 4027
77470 20494
30105 60108
9564 58989
15900 99221
3361 41492
63801 27659
2342 91849
83621 89478
52059 1901
89933 40341
36287 51966
46370 72438
46984 41402
28815 73062
83012 79867
78768 28581
83920 37212
23302 84562
70522 78306
74145 50345
43656 35943
70734 10020
79583 37664
39696 13112
28858 64321
8446 71177
80327 63485
38577 81622
12911 672
16087 41270
9388 44808
97859 47288
56864 8188
13170 84727
39399 25171
15748 46205
76146 97936
8640 68533
90762 29593
53237 42321
42508 44686
95516 49964
57798 76005
58075 62712
61823 56733
96198 96770
33373 66768
16979 25002
61954 98373
50335 96401
77368 79914
69845 27106
3607 881
5856 75150
49995 74820
50064 36013
43808 51885
53607 80145
67282 16920
84023 71820
62019 18766
18510 15637
58802 27410
69013 620
60650 15798
66849 52073
25487 18007
58012 57538
7263 17969
8001 69366
16323 63958
78010 77756
46619 85907
13692 23812
61144 49695
7598 282
44427 12957
26685 61094
63655 46397
92489 35038
62923 73724
27018 98675
21240 42713
69119 48018
69584 38719
73975 75490
46546 18403
68975 10888
78676 42138
7303 49836
60949 83727
19982 72979
24957 44477
3475 59104
74586 36179
58779 16068
93353 6494
31082 26907
60497 60272
64860 37305
98694 15806
18909 27624
47187 68445
99649 34271
94789 33409
20500 59200
63216 13392
55570 21260
23826 45610
68354 84557
93366 13777
49278 9732
81059 51532
39284 87152
72749 72505
49076 21967
79232 42484
7503 42235
19199 8710
40196 61709
59432 56292
82724 41911
94847 76181
82447 14333
68681 9641
57453 32405
37474 52190
8815 70069
76288 1340
25716 43680
4463 448
17918 18661
21938 95670
18773 50634
94078 44588
54307 66525
36807 74881
87231 70658
41008 4612
33568 78149
20064 26728
40147 69531
21770 43093
12451 86887
2438 59257
84987 36455
5420 86242
87782 42779
44466 45006
10760 47611
12246 61169
93996 12089
11732 38270
10703 47673
36362 28948
53217 33980
95869 63025
19205 51541
58749 32926
65659 78073
99888 52624
45306 35137
19838 83883
25011 1089
87110 67428
99936 99484
70552 76287
18956 56049
91723 6870
81284 6537
49217 87460
76104 75068
81345 6306
51686 98542
1802 21968
12598 79438
20312 62429
1358 87578
62821 24171
47009 54274
45520 97066
15972 53732
62186 38165
13976 87845
5313 59566
72505 21929
59133 88031
33957 42186
81112 76825
24288 41327
91585 48674
90648 77036
21455 99350
3916 13567
29846 89592
98017 82441
22614 78634
88509 26980
65203 69731
91423 43481
55695 26707
496 34690
61863 92915
3693 98892
51216 60397
3123 14860
81436 16012
8520 51412
27554 31796
75577 88077
32061 77671
30148 7906
36980 9696
88619 14831
97883 18201
58472 89346
59473 68911
85688 35428
87457 95570
78743 58430
9135 25497
5956 52487
92421 37823
91609 98001
43587 77459
84519 95782
73440 63145
41321 54619
89670 62634
63662 83990
39960 8528
43825 19474
78895 11676
68994 26026
68809 88116
63103 69374
23549 86340
59709 82749
81897 55348
7034 19863
44175 20205
56794 35009
42215 79297
25836 26075
12918 34482
81082 65303
97183 59594
18869 63537
97133 64837
55532 91007
77187 79808
13993 7891
47365 88649
53608 19306
94144 50517
51813 36836
28376 27900
51237 87770
52711 83314
63746 44857
35226 10090
29925 49387
22246 63512
66355 57635
6141 26562
42527 51649
46880 60737
10404 18868
18201 24815
28814 16357
56547 53733
89485 36967
97750 63976
46145 42443
1508 32001
73588 4712
36881 57784
60904 86764
6401 21147
78976 77089
16974 83828
94919 51636
20609 33380
61838 21933
31991 9705
70416 91020
16941 63525
61671 30243
85121 78446
72686 68384
94447 59997
73050 44223
79842 84282
50565 35942
79969 38790
74863 74710
86867 24978
33124 57828
69783 96400
95559 49227
66726 37019
92472 90995
43608 32974
47577 7129
21564 94740
55536 12337
7818 11121
94697 93120
39294 4253
38353 47510
36793 87039
81089 77957
1726 89180
33024 12000
7823 69879
43372 44172
33499 73696
85433 21155
35889 51852
12734 28629
18762 72926
76375 27457
68009 86079
2849 42513
12176 69513
63053 96641
41839 80999
7620 89242
40226 25633
47103 49872
25514 83736
82756 41862
30720 16489
83330 72537
41513 44745
45071 89436
26219 75009
13035 43682
90932 79250
14148 41481
43793 95261
73384 19578
20030 76206
88997 91623
13518 3840
98346 33869
19689 68221
17081 84621
96225 53598
1495 41853
4399 85494
15999 37266
79457 75863
45435 37293
69083 37239
22594 83851
44811 83664
52376 54445
11721 36464
22631 47790
62748 5840
95621 32611
89395 32319
69341 80026
20226 55897
63999 31837
43241 483
90591 49409
11642 34221
16358 4003
5059 49847
81939 51615
46824 99267
97148 68049
81249 47964
10716 85156
26991 42424
15043 55506
17624 75459
18054 87098
59851 89551
35238 24791
22454 47035
73216 72607
94796 64366
95829 82320
78272 17516
82255 79558
919 41078
68151 18199
98698 9711
22508 19219
75975 30649
48728 67726
57458 89691
75827 94712
82339 77930
79677 91419
12736 31644
52363 43931
10154 2536
73540 48321
80964 98725
92629 96066
28912 12246
52889 42170
76463 38143
82370 64941
3155 94270
29959 31865
99374 90639
39891 67921
75401 19794
52360 55837
14581 59371
71565 64513
20354 98634
24190 31346
99304 81397
79220 88790
51693 50776
55810 3989
35987 9946
91662 41320
21317 99636
22850 38076
31508 64942
61741 61613
1339 1030
36617 97982
78633 77628
48999 6298
22538 64804
15089 47008
99792 27315
68957 5883
17509 59779
15460 13692
3249 83391
69680 67717
46995 63016
26681 2772
95894 49075
74914 20732
23230 27582
49059 60115
98913 20528
23736 53171
24173 30567
76124 68274
73343 57065
62702 74669
95432 78476
91145 90266
14936 84880
2013 28417
13710 88188
93092 35989
64299 66674
46228 78164
5029 9500
39471 85280
40059 73287
62917 92032
57594 32782
6808 12502
29312 23751
21831 29120
16844 43898
66737 26668
58861 948
86956 89374
1612 64455
76276 43481
82790 78890
84275 3920
23373 16387
75009 27163
1615 89061
38830 12298
27346 55484
57289 13276
5450 50675
71321 38203
11078 63808
14421 83572
71757 42928
51537 7353
62502 64997
58169 80041
28391 31624
38855 83881
73357 23172
44304 82356
72479 409
52911 87473
60501 50050
29447 77412
63233 91331
17967 82516
81441 1431
26254 7856
97284 45328
20785 51412
58326 59988
29730 38934
68274 90144
18331 8674
41579 27995
9591 43378
67915 42594
57063 29253
86978 67441
84277 33710
70471 42656
75861 18808
55046 58315
42574 56740
21913 3103
52301 62000
79425 13869
84629 71704
62645 84592
89130 9046
3953 59519
27861 45241
79809 79108
83169 85858
4191 96281
6422 41600
52310 86048
3181 88195
72846 58351
84426 212
951 86322
97054 74868
10652 57744
74726 1851
72602 96483
40628 89507
30208 20292
98642 27156
75252 30395
2703 73284
83107 25973
27267 799
5625 80734
69018 39431
11355 73193
94107 7495
6539 94035
76986 10127
3386 44964
74329 6971
14727 56915
44574 48221
93864 85688
16925 97868
5823 89204
99296 59575
88911 15459
17340 19528
57346 37138
6649 73728
31829 39340
23920 40178
21535 58329
48373 43459
53554 47107
42657 66109
14009 96008
59088 382
4121 39164
91581 51739
28864 47365
89854 84214
95867 7543
93160 91643
21135 79770
15490 6773
38782 39524
94862 81328
30988 40622
98236 64222
48291 74393
89354 33096
43264 6889
77991 38628
26091 71052
22766 18516
91208 2078
47658 30046
74516 51769
62359 78219
61716 96799
5012 13687
70914 17121
65332 61167
19927 83174
64922 18268
89591 12889
2105 16369
28884 12485
22938 26094
18605 65061
72512 60438
23737 98553
18965 21254
6390 67422
33312 31825
14433 5167
70048 43528
30013 60301
79471 85566
48091 31656
3921 53965
45607 69586
76270 4047
55542 9584
87089 83221
95006 19329
63314 54090
35468 74243
77932 57693
61806 91929
2574 20376
49938 40588
5888 8990
58655 54146
71200 5004
27980 67930
59207 19600
22600 75659
85042 6926
53760 42566
23713 11478
10888 16406
18109 91755
14599 9289
55177 11530
58316 50636
48706 86467
30977 90396
4508 1534
32058 71561
65475 80735
50775 28986
58793 28241
69996 81111
34622 86595
11029 72557
22170 47329
94322 44917
70948 99918
79837 14483
40898 66834
26172 16462
64810 72764
72479 28236
94944 83420
3525 84428
51504 84508
41267 59090
59244 3742
10362 32246
29312 31280
96395 49594
72219 48807
2607 13799
47030 25477
29147 60383
25543 97275
95518 9132
50997 76236
37281 37233
70368 10936
87654 20786
84003 70067
75701 58671
93409 59757
23921 89835
66725 26637
19861 28856
18422 25819
87195 14672
5350 56547
84787 1957
12435 17897
59988 68573
30379 47860
4612 44204
64473 41444
32891 36314
84543 99224
56119 77202
46425 73992
90477 69052
41649 79247
90442 18620
27530 832
57182 94427
1410 52033
14437 47972
96258 98210
62678 81742
14792 33491
321 15936
90113 27346
36009 86266
33280 51527
48481 63795
64814 15609
90572 3655
59629 74272
51820 42010
36142 17160
65676 72080
48505 26885
11131 63870
36973 84531
56850 9127
18858 18709
26453 16981
45608 3185
94965 39922
32035 22568
25506 84298
76158 98232
20451 64620
5405 50049
80019 24135
81870 81951
39502 95513
76641 95845
90944 51021
34209 8416
59436 4981
25402 19833
97565 92285
25258 20868
22646 10113
11211 89114
61287 54510
12324 98721
78472 26993
54474 60261
31356 25720
12040 88495
29916 59890
53996 5327
83361 98559
99796 14731
45526 29556
86880 77829
73511 92290
30739 31436
72774 59587
18722 99382
7121 55648
87175 34780
46930 51777
65093 8727
83722 35170
44997 6143
58879 19420
3077 82968
28347 91274
12999 81008
12227 32977
78860 33342
37937 11991
4714 35851
60412 1367
68949 69165
42821 30173
75734 7568
1870 73963
30948 63184
86889 7986
20847 40280
51064 22297
31585 73779
16582 10603
51725 47947
71150 17091
25457 62379
35133 81338
38159 82054
86902 79031
88059 71817
2924 26075
37994 5275
38926 70582
38251 77583
48020 774
26162 44290
64055 67585
82185 22598
18312 68217
68880 65355
32393 93778
22216 54739
71145 13964
13433 16087
11430 75082
16830 84960
35039 6295
8530 89040
39380 44760
74624 48024
96283 16336
80923 49589
80823 71383
75299 50853
50519 13675
94478 15074
47704 73240
49948 35031
25872 45900
1287 69204
73320 47913
88889 66329
25180 63534
16505 61062
9302 65779
46601 83156
71749 8050
40365 95276
94602 84633
23889 43907
80099 46012
91106 92376
61800 6894
82498 19852
99364 62232
55373 45870
29647 9546
77826 12173
14780 13791
11268 74166
56962 87321
60910 72470
10678 6707
36543 29816
94482 79489
34207 57365
68318 74766
26352 77463
89405 14570
21225 26243
2772 22803
27247 91040
52550 48939
33056 27801
67976 87135
41338 93133
83637 87019
63457 68408
32645 94665
70911 91173
54200 40293
38899 42416
27326 42845
90006 99603
54767 51092
20154 42670
69061 46047
66568 10981
13478 19292
50469 69260
57405 49637
21178 74549
36932 31371
13746 74338
96998 26020
24958 70209
25093 99436
64955 17989
10732 75953
62671 22945
9528 20798
86890 80565
45374 13276
10422 15892
78343 85312
72972 9523
12376 37848
94620 82772
68532 39804
25335 54307
97622 5911
23258 16617
59884 53705
88682 96073
12169 177
34840 61309
91744 99211
672 74605
41137 56374
99225 25866
85613 26837
83985 66452
